[Header]
File Type: 1
Version: 2
Channels exported: 11
Samples per channel: 1761
Start time: 15:16:03
End time: 15:16:04
Ch. Info. Pointer: 320
Stamp Data: C
Mux format: 0
Mux Block Size: 
Data Format 1
Sample Rate: 1000Hz
Channel #:   1
Label: I
Range: 5mv 
Low: .5Hz
High: 100Hz
Sample rate: 1000Hz
Color: FFFFFF
Scale: -7
Channel #:   2
Label: III
Range: 5mv 
Low: .5Hz
High: 100Hz
Sample rate: 1000Hz
Color: FFFFFF
Scale: -7
Channel #:   3
Label: V1
Range: 5mv 
Low: .5Hz
High: 100Hz
Sample rate: 1000Hz
Color: FFFFFF
Scale: -7
Channel #:   4
Label: CS 1-2
Range: 5mv 
Low: 30Hz
High: 250Hz
Sample rate: 1000Hz
Color: 00FF00
Scale: -7
Channel #:   5
Label: CS 3-4
Range: 5mv 
Low: 30Hz
High: 250Hz
Sample rate: 1000Hz
Color: 00FF00
Scale: -7
Channel #:   6
Label: CS 5-6
Range: 5mv 
Low: 30Hz
High: 250Hz
Sample rate: 1000Hz
Color: 00FF00
Scale: -7
Channel #:   7
Label: CS 7-8
Range: 5mv 
Low: 30Hz
High: 250Hz
Sample rate: 1000Hz
Color: 00FF00
Scale: -7
Channel #:   8
Label: CS 9-10
Range: 5mv 
Low: 30Hz
High: 250Hz
Sample rate: 1000Hz
Color: 00FF00
Scale: -7
Channel #:   9
Label: HIS d
Range: 5mv 
Low: 30Hz
High: 250Hz
Sample rate: 1000Hz
Color: 00D7FF
Scale: -7
Channel #:  10
Label: HIS m
Range: 5mv 
Low: 30Hz
High: 250Hz
Sample rate: 1000Hz
Color: 00D7FF
Scale: -7
Channel #:  11
Label: RV 1-2
Range: 5mv 
Low: 30Hz
High: 250Hz
Sample rate: 1000Hz
Color: EE82EE
Scale: -7

[Data]
-261,42,-229,23,-13,16,-3,-33,7,8,-51
-278,39,-228,-6,-7,9,-13,-1,2,14,-79
-280,60,-237,-21,-30,-5,7,12,-2,0,-48
-246,19,-229,40,-8,4,5,15,39,-23,-69
-227,14,-231,-25,-25,-12,48,19,21,18,-46
-243,5,-236,-28,-34,2,51,-7,-3,7,-35
-228,16,-224,18,25,17,-7,-7,-4,-29,-4
-250,25,-208,110,-13,-42,-30,0,-32,-18,-23
-261,45,-215,49,49,38,13,27,-1,-21,-45
-241,46,-220,-7,4,-36,-3,-2,-15,4,-89
-271,68,-208,-18,-23,40,14,31,-6,-26,-1
-277,73,-199,-12,25,25,50,-2,-32,21,-76
-279,66,-217,10,11,41,27,10,9,-21,-91
-305,71,-209,21,-8,41,-23,-50,13,-10,-64
-275,65,-206,-8,29,60,-42,-21,29,-45,-110
-300,107,-204,66,52,-10,-29,-35,-3,-21,-83
-289,99,-203,-12,-15,-43,-8,-25,35,-29,-75
-303,110,-174,-1,-9,-10,-8,-40,28,17,-88
-298,95,-178,33,-14,-4,-14,-40,19,34,-94
-286,96,-174,21,-30,0,-1,15,-11,-7,-95
-262,53,-186,3,-71,4,27,20,-18,-29,-81
-255,68,-194,-36,19,15,-23,1,0,-18,-44
-261,52,-187,16,6,31,15,-14,-9,-10,-78
-290,98,-180,-14,24,-20,5,22,10,-2,-69
-256,80,-183,20,34,20,0,-1,-11,-39,-93
-266,111,-205,-44,10,25,33,43,3,38,-74
-279,68,-206,25,45,9,40,6,2,38,-40
-310,111,-206,21,-6,42,-8,29,-2,65,-78
-291,95,-201,8,22,4,1,3,-55,-20,-116
-285,124,-205,3,4,-34,-27,-27,-17,-6,-90
-262,68,-191,54,-12,6,0,-14,-35,14,-82
-279,121,-211,3,-21,-18,-4,3,-16,46,-46
-290,101,-190,-10,-25,17,40,-48,0,24,-91
-323,139,-189,73,-1,-19,8,-34,57,-9,-107
-285,92,-187,-59,-2,36,20,-5,22,14,-99
-264,99,-170,15,-86,37,9,-5,-49,2,-33
-238,61,-156,31,-43,0,5,1,-19,-2,-35
-238,113,-165,7,-3,25,-10,-6,-15,-9,-78
-257,99,-165,4,35,-11,38,65,-19,-10,-135
-301,149,-162,57,36,25,25,27,-22,8,-119
-280,105,-150,2,37,-29,47,-57,-38,57,-81
-293,163,-154,38,-7,-31,34,-54,-46,3,-90
-270,130,-132,42,-25,-63,36,-20,2,-27,-26
-295,171,-119,17,4,24,33,-19,-6,-32,-92
-273,134,-121,-25,5,5,-18,-28,-32,0,-85
-276,157,-126,-29,-65,5,-40,-29,-3,12,-69
-278,106,-119,-38,-30,7,-32,-51,-46,12,-134
-260,143,-119,-12,33,-16,-3,1,-37,11,-85
-288,150,-101,-21,-44,8,8,-64,-39,-12,-54
-309,171,-96,21,12,22,-51,-15,-27,16,-59
-267,133,-82,-3,-11,21,-28,-4,8,45,-77
-267,147,-77,47,-11,50,-17,-5,-50,17,-56
-244,115,-75,15,35,11,-69,-38,-35,3,-81
-254,143,-87,-1,25,38,-31,-63,-77,24,-93
-268,150,-92,97,23,13,20,18,-51,-6,-24
-285,170,-85,43,-11,-40,17,-20,-24,-24,-67
-314,165,-69,10,-31,-20,10,31,-45,35,-103
-287,167,-81,17,-4,-14,62,-33,-110,19,-67
-260,124,-76,42,-22,-34,29,-39,-46,94,-67
-277,135,-78,69,5,36,27,-50,-45,21,-27
-260,140,-85,-25,17,0,-13,-22,-44,37,-49
-242,132,-67,-8,-2,-27,-25,-65,-20,37,-101
-249,130,-60,13,-24,-15,-27,1,-42,-6,-95
-237,111,-58,8,38,48,-55,-18,-47,25,-62
-259,125,-68,-51,-22,-18,-23,-6,-50,72,-79
-244,103,-54,2,-15,18,0,6,17,3,-84
-236,109,-52,-11,26,-12,6,-1,-1,29,-38
-225,86,-45,24,14,32,7,-5,-37,-5,-53
-222,96,-41,45,-1,-38,-6,-40,-37,-30,-92
-227,102,-34,60,12,85,-34,26,-35,-40,-58
-260,141,-48,1,-9,-45,-15,-18,-29,5,-60
-251,113,-40,27,-30,20,19,-29,-27,3,-65
-270,120,-35,45,-3,-62,11,8,-45,59,-52
-228,79,-18,59,-20,-43,-24,-5,-120,42,-85
-242,106,-6,14,-39,-9,-39,32,-5,58,-88
-220,78,5,24,-11,25,-5,31,-54,16,-88
-223,101,7,40,-15,0,23,-5,-90,55,-69
-214,86,15,-8,-22,0,3,-25,-41,56,-48
-244,118,4,16,3,-3,-1,-38,-76,26,-47
-258,63,-3,13,-38,-19,2,-12,-52,51,-78
-278,96,-8,-23,-45,-37,45,-41,-26,35,-16
-210,53,19,9,28,-5,40,-55,-80,-2,-68
-204,100,18,-14,3,4,-17,-3,-3,65,-79
-178,67,20,44,53,-27,-26,0,-81,52,-35
-233,122,5,25,-8,15,8,11,-7,-4,-56
-250,90,-11,22,-1,22,-33,-22,-12,-15,-52
-258,144,-31,1,-34,30,22,17,-16,31,-136
-245,99,-31,-1,-17,-8,-29,-8,-60,45,-61
-228,120,-38,-38,-13,-63,1,-19,-37,65,-61
-198,59,-12,88,-33,20,-24,-38,-51,62,-62
-191,88,-25,40,47,-61,24,-26,-40,24,-67
-181,66,-25,-28,-55,-10,39,14,-13,2,-43
-194,109,-47,7,8,-1,31,-8,16,22,-53
-154,65,-60,23,16,6,11,-21,-49,35,-64
-183,95,-48,-5,-1,8,-20,-2,-28,25,-35
-155,68,-59,23,26,49,-38,6,-51,-33,-50
-160,85,-84,55,28,17,0,-25,-45,-16,-42
-183,65,-71,-4,-50,-22,-48,5,-38,-37,-11
-172,95,-81,-15,8,6,-23,0,-13,63,-47
-144,68,-91,-5,-26,-11,-38,-7,-20,44,-29
-171,104,-84,-4,24,-11,-9,-37,-68,-31,-43
-162,77,-80,-50,-24,-3,14,-62,7,1,2
-177,105,-106,29,-5,-55,-39,-12,-4,67,-43
-172,72,-102,-37,7,-61,-13,-24,-48,74,-55
-159,68,-110,-21,-21,21,-44,-32,-37,62,-49
-160,44,-104,16,-49,21,-2,-10,-20,35,-10
-149,57,-107,-3,-4,0,2,-23,11,10,-75
-161,37,-101,18,11,30,-13,-8,-25,-25,-21
-174,57,-113,40,40,6,-29,5,-72,-28,-9
-132,55,-112,22,-15,4,16,-61,-37,24,-54
-161,69,-107,-26,8,22,0,-26,-38,7,48
-165,64,-111,-32,21,13,-21,2,17,13,-86
-157,36,-129,40,2,0,-5,-63,-27,39,-50
-157,30,-114,28,-59,-9,-18,-32,-55,40,-19
-136,11,-115,-23,-9,-7,-19,-23,-62,-12,-58
-162,54,-133,-5,9,29,13,19,-73,0,-29
-176,44,-129,20,41,30,-38,-34,-25,-22,-13
-186,56,-121,49,-20,-36,-23,-75,-26,44,-23
-167,29,-110,52,-17,-54,-45,-64,3,47,-36
-127,21,-98,17,14,-86,-21,-85,-19,40,1
-114,-13,-90,-10,3,-27,-23,-18,2,42,-18
-112,12,-80,-5,0,19,5,-27,-56,11,-28
-103,-2,-84,10,31,9,17,-19,-35,10,-11
-150,29,-93,14,19,-24,-36,-116,-64,3,-27
-121,-5,-94,70,-6,46,24,-75,7,-20,-12
-126,28,-91,3,-8,-11,-7,-33,-27,11,-50
-121,-1,-85,30,-52,23,-26,-2,-5,5,10
-137,56,-80,-23,14,25,-29,-28,22,-27,-17
-114,31,-71,-52,22,12,-17,-25,-29,-28,0
-135,60,-74,33,0,17,-81,-23,-14,4,-21
-121,-4,-71,51,-4,22,-26,-40,-45,-1,-23
-142,51,-91,36,-41,-42,24,-21,-51,39,-14
-108,21,-82,18,-11,-5,18,-18,-37,-9,0
-138,74,-76,49,-20,0,-2,-32,-51,-28,-68
-108,21,-89,18,-36,-13,24,-7,-39,-26,-22
-101,33,-89,13,-34,-55,7,-37,-37,21,7
-82,-10,-94,91,-4,-19,-42,-22,-14,-43,28
-92,22,-119,31,4,12,1,-45,-7,-64,8
-117,11,-122,-10,33,81,9,-114,-25,-24,-20
-158,70,-124,-1,30,5,-21,-10,-21,-6,36
-131,26,-121,33,-69,8,-31,-8,-40,-34,-22
-128,53,-150,32,-34,26,-19,15,-36,0,-23
-102,0,-155,44,-15,18,-27,-62,-22,-18,-15
-129,48,-179,38,-3,-1,-18,-37,-26,24,81
-118,16,-193,36,18,-82,7,9,22,-5,-10
-117,36,-193,-18,17,-97,-46,18,-31,20,-13
-131,-20,-197,22,17,-46,13,-5,17,-30,-47
-125,17,-232,32,-9,-79,-9,-4,45,16,-3
-137,-11,-231,-1,-6,-36,11,-96,2,14,20
-127,13,-231,16,-7,6,-16,-77,-46,-3,13
-84,-21,-226,-12,-20,4,52,-48,18,-25,25
-90,-9,-228,23,-43,9,20,-44,43,18,84
-89,-46,-235,-7,26,34,-19,-54,4,-63,84
-87,-24,-241,20,42,7,-15,-24,-9,-23,15
-98,-22,-247,-17,23,-59,-35,-45,-5,18,-15
-95,4,-257,22,23,-27,-14,-22,9,-32,-2
-127,-7,-237,57,-30,-7,9,48,-12,-51,34
-97,-8,-244,14,21,-47,52,7,-19,-40,30
-76,-33,-238,23,-12,-60,-18,-39,13,-28,75
-98,-15,-227,23,-34,4,1,-19,11,-38,41
-88,-1,-211,-21,-15,-36,5,42,13,-29,-10
-95,2,-197,-9,9,-38,6,24,-16,-55,-12
-105,-2,-201,35,-6,24,-9,13,-10,-50,23
-72,-33,-200,17,2,-1,-10,-82,-17,-71,62
-94,-15,-199,4,-32,-72,35,-43,-26,-55,45
-81,-38,-190,-14,-29,33,-11,-43,-2,11,28
-74,-28,-187,-39,-21,-13,-17,-30,61,-60,67
-68,-53,-171,-22,4,-1,-20,20,34,-77,48
-85,-24,-164,44,-1,25,-19,-54,39,-43,66
-85,-28,-183,49,56,54,-34,-21,-32,-32,114
-99,8,-204,29,14,-1,-15,-21,-13,17,83
-101,-15,-187,44,41,-32,0,-17,1,-31,2
-123,7,-190,19,-36,-29,19,0,-57,-55,-11
-87,-48,-188,53,-28,-45,30,-21,-14,-21,22
-92,-35,-181,35,-75,-44,-8,-15,0,-1,75
-67,-70,-185,-11,4,1,-13,27,-25,-66,55
-71,-38,-199,21,28,18,-6,-48,-39,-36,19
-58,-66,-186,-15,-9,-3,21,-50,-28,-39,1
-77,-21,-189,14,-18,-3,40,-66,2,-93,66
-68,-64,-192,0,-29,15,-24,-31,-14,-79,108
-69,-28,-199,-33,-28,-39,-13,-6,-52,8,85
-46,-64,-173,69,25,-30,-27,-61,-15,-76,75
-70,-16,-170,49,27,0,8,-32,-48,-47,29
-36,-75,-171,-7,-14,-25,29,-24,-33,-52,30
-75,-21,-176,33,51,-4,23,35,-38,-91,31
-57,-42,-160,33,0,-17,5,42,-13,-67,7
-67,3,-172,-11,-14,-61,15,51,-3,-43,3
-68,-27,-158,87,-32,-32,-4,-7,-27,-8,47
-68,-13,-162,34,25,-23,37,-26,-26,7,45
-65,-62,-124,34,29,-42,20,-22,-15,31,62
-76,-22,-123,31,5,-10,10,-12,4,-51,48
-94,-56,-113,8,-14,-6,-53,-29,-16,-102,94
-139,0,-109,1,-30,-3,-13,-6,-22,-78,52
-78,-32,-75,-30,7,-18,19,-7,-37,-55,54
-58,2,-51,-27,-10,-11,19,-5,-21,-59,25
-58,-40,-59,0,-39,-10,19,-23,-17,-66,-13
-77,-26,-75,70,-29,-26,-26,4,-70,-38,47
-101,-68,-57,32,20,10,-26,-14,-32,-39,76
-108,-20,-62,25,-12,10,-40,-27,-27,-12,47
-97,-19,-47,19,25,-15,40,-54,-35,-62,67
-130,19,-44,31,16,-4,-1,-60,4,-13,39
-125,10,-41,6,-3,33,-13,-13,-42,-42,51
-135,17,-52,-21,19,-43,-27,-34,-25,-15,40
-104,-25,-47,17,34,-44,16,-55,-70,-44,86
-68,-43,-52,-27,5,-42,-12,18,-94,-46,101
-76,-48,-57,-12,11,-7,19,28,-31,-46,98
-69,-35,-61,26,-12,6,-6,21,-76,-19,69
-77,-57,-61,44,-7,-11,-44,20,-65,-49,56
-84,-48,-71,1,-1,56,-6,6,-38,-50,23
-67,-52,-80,15,-18,13,-4,-44,-20,-51,60
-80,-27,-82,-43,-3,-1,-30,-1,-28,-63,103
-68,-21,-80,23,-22,9,38,60,-67,-65,14
-69,-48,-98,5,-19,-23,25,21,-46,-70,12
-96,-58,-103,32,-4,9,0,-58,-110,-26,80
-65,-73,-116,-20,61,20,22,-35,-21,-91,54
-101,-32,-110,13,46,30,-42,5,-56,-44,23
-111,-32,-107,17,8,33,-12,-19,-49,-41,45
-113,-10,-95,32,-26,-29,23,-22,-61,-40,-8
-87,-36,-83,30,2,-44,-8,-47,-52,-14,8
-85,-38,-88,31,-15,-29,34,-62,-74,-28,93
-64,-73,-93,-6,-14,-8,59,-36,-80,-85,114
-63,-58,-100,-80,-10,-15,11,13,-78,-44,59
-83,-64,-95,6,38,21,34,14,-123,-79,-19
-138,-16,-92,20,-4,-28,-36,-10,-62,-48,24
-95,-52,-92,51,23,-2,-48,4,-53,-22,15
-109,-9,-95,55,-8,-84,-54,0,-95,-77,72
-95,-33,-92,19,-53,-5,-14,-56,-56,-26,66
-121,6,-106,-22,18,7,-8,-13,-78,-27,103
-109,-31,-120,35,-30,-9,29,-13,-113,-23,24
-124,-9,-125,47,23,-10,23,-49,-121,-45,35
-93,-56,-114,-16,45,-10,2,2,-55,-44,-9
-108,13,-136,43,-22,-68,-3,14,-54,-36,-15
-115,-18,-112,-54,-41,-34,-10,32,-97,-43,-12
-159,24,-121,-69,-2,-24,-13,6,-75,-9,44
-119,-23,-119,-41,-46,-70,54,-20,-36,-63,38
-88,-18,-120,-3,-44,-25,-32,23,-66,-15,55
-72,-59,-115,36,5,22,-29,48,-101,-68,64
-73,-8,-135,21,3,-13,-6,-1,-50,-27,13
-92,-12,-120,12,45,43,-63,22,-83,-48,-22
-116,27,-122,42,57,-6,-35,-52,-56,5,-7
-97,-27,-110,41,-11,25,37,-27,-154,-28,26
-108,13,-126,-6,-3,29,21,-2,-59,0,70
-74,-26,-109,0,-27,-24,46,-44,-46,-12,43
-95,20,-108,-37,15,5,2,-1,-59,-17,79
-74,-20,-97,27,8,-49,48,-26,-104,-34,29
-74,-6,-93,2,-33,-64,38,-46,-76,-20,50
-86,-45,-96,17,-33,-25,-9,-40,-89,-26,9
-63,-36,-101,9,-21,43,-4,-16,-56,-18,0
-66,-44,-83,33,-34,-22,-23,4,-74,9,48
-74,-10,-77,24,20,5,10,-61,-91,-27,28
-57,-48,-58,55,0,36,23,-18,-97,-35,67
-47,-48,-58,-23,4,27,45,10,-63,16,19
-26,-83,-60,20,-13,38,3,29,-89,-51,49
-35,-46,-71,28,19,34,31,-18,-78,-12,62
-56,-34,-72,28,-16,-18,5,-37,-37,-46,26
-68,-20,-72,4,-39,27,-10,43,-68,-14,1
-90,-34,-57,99,-37,-29,-28,10,-32,32,-15
-72,-26,-64,79,-27,-50,-43,4,-110,-40,-14
-73,-36,-51,67,-38,-69,16,-14,-29,17,55
-81,-25,-65,10,-28,-37,5,17,-35,-23,-8
-55,-24,-62,16,-7,22,9,-54,-47,-25,3
-58,-36,-68,-72,-27,-4,-8,3,-85,0,-1
-81,-27,-69,-29,4,24,-30,11,-33,-52,14
-65,-45,-70,-56,44,-14,1,19,-115,-19,77
-86,-25,-76,-35,-13,-28,29,-5,-109,-5,-1
-77,-40,-72,30,14,-28,15,4,-85,-33,32
-100,-31,-79,42,-13,2,-13,-22,-56,3,55
-64,-68,-81,49,1,53,17,-12,-144,4,79
-68,-51,-91,38,-16,42,33,-44,-97,17,28
-100,-46,-107,27,80,63,-5,24,-93,-38,39
-127,-4,-127,-41,-33,-14,31,-13,-50,-19,1
-132,-19,-118,0,-48,9,11,19,-41,-19,-12
-163,7,-127,31,-42,-30,-24,-13,-93,-41,2
-106,-54,-127,20,47,-42,13,-49,-84,14,67
-118,-44,-136,-2,-86,-7,13,10,-92,-14,0
-106,-77,-136,35,-3,-21,67,10,-62,-14,-55
-104,-26,-138,-14,41,-14,9,-12,-43,27,23
-103,-59,-132,25,-31,-14,-5,-8,-51,0,24
-128,-21,-144,9,10,7,25,-44,-39,-31,-14
-112,-64,-142,25,-13,-4,-22,0,-90,-48,34
-115,-32,-142,35,19,32,-60,-52,-63,-26,22
-94,-73,-139,-1,-18,42,-34,-49,-95,-54,-7
-116,-28,-155,-39,-33,-21,30,12,-84,-29,38
-83,-73,-149,22,-3,4,49,10,-85,-14,4
-110,-24,-154,-20,1,12,36,-42,-77,-42,-13
-97,-52,-136,-5,-69,0,38,-23,-54,-30,25
-120,6,-143,9,-16,-38,22,19,-47,-2,-4
-135,-40,-144,-8,-17,-44,42,-5,-25,20,-31
-152,-17,-163,-10,-3,-20,-3,27,-19,36,41
-116,-77,-140,8,-3,-13,4,4,-58,-8,26
-60,-39,-99,56,-38,0,-14,-1,-102,-16,15
-34,-65,-71,15,-55,7,3,11,-33,-67,-6
-81,-24,-98,42,20,-29,42,39,-71,-46,9
-78,-64,-101,58,23,-7,1,9,-109,24,23
-132,-18,-94,22,66,25,17,19,-91,12,26
-134,-41,-83,32,-15,10,32,-15,-28,-23,10
-114,-22,-79,-39,-25,-36,10,56,-68,60,-2
-103,-60,-67,-40,13,-6,20,48,-91,-1,12
-80,-27,-65,44,26,53,49,-3,-90,-45,39
-67,-34,-57,10,9,38,41,-35,-78,-28,-9
-104,5,-45,30,14,45,-2,-89,-67,0,23
-116,7,-41,32,36,-4,-48,2,-86,60,-5
-143,21,-47,-43,40,-11,-19,22,-87,-30,-43
-122,-13,-48,-24,15,-64,0,-21,-90,8,-15
-58,-36,-52,-6,-7,-11,0,-14,-71,-28,67
-76,-43,-40,19,-88,-29,-4,-51,-94,-2,60
-85,-15,-29,-1,-24,-1,30,-36,-81,14,-23
-113,-9,-34,14,-53,8,12,2,-84,29,-24
-89,-9,-57,9,-13,73,-4,20,-45,-2,-2
-56,-16,-67,-27,-23,6,1,13,-77,-23,-1
-75,-3,-55,-18,-24,-4,18,-31,-15,-62,-29
-89,15,-43,-49,-17,-18,43,-33,-44,-3,-34
-75,-8,-55,-36,11,-4,25,-9,-57,7,-24
-87,-12,-59,1,2,10,-7,-13,-119,53,18
-60,-16,-67,6,28,24,24,-3,-81,15,-14
-77,30,-68,9,23,19,26,-31,-87,-16,-19
-73,15,-50,-7,-3,40,-17,9,-77,-38,2
-82,47,-43,-13,-8,-8,-5,-24,-38,2,-49
-65,24,-43,-23,-12,-4,-6,-40,-46,60,54
-44,18,-40,-9,1,-59,-27,-1,-85,45,30
-19,-20,-17,-42,1,-23,-19,-34,-44,1,-4
-15,10,-4,8,9,22,15,-20,-43,-5,27
2,-13,16,17,14,33,3,16,-90,-46,5
-39,35,30,40,-7,10,30,-3,-70,-39,-16
-7,24,43,20,38,39,7,8,-115,-15,-28
-22,83,50,-17,4,-55,27,-42,-45,22,-31
4,45,64,6,-3,-17,44,-32,-46,40,20
14,66,75,53,-8,52,38,-11,-38,24,50
34,24,72,29,-8,49,45,-13,-62,-3,82
10,66,86,8,-32,-8,35,-47,-79,-34,37
25,36,118,-10,31,45,27,16,-96,-63,-30
34,96,107,-59,-31,22,-16,18,-84,-4,-13
58,65,124,-40,25,4,3,-42,-19,31,-14
25,100,138,7,31,15,8,-18,-65,25,46
70,42,130,-39,-29,23,-23,4,-82,26,83
90,66,145,47,-33,-35,-46,45,-52,-14,33
111,24,144,0,42,21,-4,24,-74,-37,15
113,49,123,35,24,22,37,-4,-33,-13,22
103,38,116,-8,15,17,21,0,-77,2,-6
74,76,103,49,-1,-10,1,41,-44,33,-11
98,30,114,18,23,-62,-21,-5,-67,-3,4
86,67,102,63,-45,13,22,19,-82,30,7
120,28,111,-19,-8,-43,35,58,-52,52,-24
86,60,79,-10,-3,-50,17,-26,-20,17,-37
101,31,81,-48,-46,-42,41,-14,-110,81,-51
102,49,76,-9,-9,4,12,-32,-82,25,-66
81,9,84,5,-17,-3,19,-58,-71,58,-31
104,32,76,15,17,-40,-11,-9,-55,110,-28
70,42,102,-53,-18,-34,-34,-4,-52,115,59
50,72,91,-25,-36,-21,2,-22,-39,127,18
104,15,87,-17,2,-19,7,-29,-79,99,-25
112,-6,87,24,7,-30,31,-35,-69,61,21
130,-17,87,-37,12,36,11,-3,-21,107,51
106,39,86,-7,46,23,62,6,-35,85,-1
78,50,90,4,-18,29,51,9,-74,82,0
87,71,101,-10,19,5,-47,-5,-43,138,2
83,67,125,27,-59,3,61,15,0,143,27
120,70,120,-3,42,-12,29,31,0,139,-2
146,62,143,8,-33,-29,33,23,-19,204,30
133,63,141,31,32,41,-55,0,-9,258,94
162,75,133,7,23,-11,-2,3,-1,366,16
183,78,145,-16,-17,13,-21,-14,-18,483,46
199,79,155,30,-15,13,-26,54,5,564,13
247,49,147,-11,-20,-26,-49,7,-31,592,-5
227,87,154,-16,-1,0,-37,4,20,569,-25
253,68,162,-32,8,9,-8,-11,-11,469,-6
275,72,161,-36,-32,-15,-3,-10,-31,323,-17
325,38,156,26,3,48,96,29,-36,152,27
337,50,151,-8,37,-8,96,11,-54,45,13
353,36,135,-61,29,20,-12,57,-36,-311,3
335,88,113,-27,-6,16,-5,34,-120,-622,-28
347,66,119,16,-34,-8,30,-36,-127,-784,-25
335,98,122,52,12,-46,37,13,-154,-1009,-27
394,37,138,41,13,7,10,22,-101,-1084,-78
402,42,130,58,26,6,38,49,-124,-1013,-57
450,-12,109,-6,-1,4,33,86,-136,-881,-13
447,18,92,-5,102,-19,2,44,-120,-753,-62
466,-22,83,24,12,20,68,58,-146,-722,5
464,-2,62,30,40,38,36,76,-118,-665,-44
471,-60,43,-8,29,37,38,178,-196,-503,-23
476,-36,29,-38,44,16,63,290,-224,-317,-31
530,-108,25,-34,23,47,52,450,-185,-275,-52
528,-82,0,0,15,1,91,490,-206,-147,-62
550,-139,-2,26,12,26,103,399,-182,-148,-78
513,-87,-17,7,4,27,91,253,-203,-96,-92
534,-127,-16,-18,-5,45,80,359,-204,-30,-133
538,-93,-41,52,27,-13,133,204,-178,34,-82
534,-152,-41,25,-34,-1,106,-774,-127,34,-81
536,-144,-78,-13,-9,8,164,-2776,-99,-1,-84
555,-219,-66,19,28,19,231,-4044,-145,-21,-23
538,-193,-78,8,38,53,284,-3593,-109,-10,-55
529,-215,-77,26,24,157,251,-1434,-75,-46,-48
489,-159,-101,21,64,196,234,-507,-111,7,-25
522,-204,-100,40,89,263,125,-2183,-72,25,-31
525,-188,-86,87,120,384,-200,-1337,-31,10,-68
514,-211,-86,112,163,513,-910,2830,-42,3,-44
486,-176,-88,149,225,515,-1441,4327,-55,2,-16
461,-207,-79,136,243,567,-1647,4113,-95,19,-37
454,-168,-93,151,257,714,-3755,1933,-64,-6,-9
422,-181,-95,178,254,686,-7478,-489,-63,52,-44
366,-151,-109,213,343,640,-2238,-969,-85,94,-31
385,-145,-85,182,287,499,5619,253,-65,116,-86
382,-119,-95,205,221,307,6800,765,-57,116,-21
381,-156,-94,202,182,-86,4866,319,-129,109,-30
370,-161,-97,252,131,-139,2788,-218,-79,147,-35
329,-156,-98,322,60,-3619,2008,-275,-22,130,5
326,-158,-113,262,-75,-9214,218,-413,-37,91,-15
301,-176,-117,318,-162,-9172,-69,-329,-6,153,-35
301,-170,-130,326,-290,-4616,588,-81,-1,133,-25
306,-148,-140,412,-447,652,-100,140,-46,143,-28
262,-153,-136,533,-514,3271,-91,350,-48,113,21
249,-136,-134,493,-877,2609,3,289,-38,157,-25
213,-142,-145,473,-1005,4395,-154,134,-23,127,-8
163,-128,-137,413,-2087,5661,-186,38,-27,76,28
183,-142,-139,327,-3868,4733,-189,-57,-60,140,13
141,-119,-153,189,-5000,3129,-225,-149,-56,53,-1
117,-117,-154,154,-5767,2022,-211,-218,24,66,48
88,-87,-152,-82,-5135,1241,-187,-320,1,99,12
81,-121,-159,-164,-4969,698,-171,-353,2,89,11
54,-105,-133,19,320,213,-131,-363,-14,37,10
30,-126,-125,173,5125,22,-88,-343,-34,7,71
-1,-93,-119,482,4986,-178,-56,-258,-3,41,29
0,-101,-109,1468,4111,-273,-21,-283,-26,33,31
-46,-64,-106,3207,3468,-281,-18,-230,37,-38,90
-40,-92,-109,3839,2847,-337,-42,-152,-65,-31,12
-65,-70,-104,-2783,2098,-449,-35,-157,-72,45,43
-86,-94,-109,-13741,1543,-406,-51,-88,-41,76,38
-133,-40,-102,-13565,1030,-376,-58,-81,13,20,48
-139,-82,-121,-6487,647,-412,-75,-111,-40,103,36
-169,-60,-125,-491,274,-385,-69,-66,-144,84,68
-155,-116,-113,3967,219,-328,-70,-94,-310,127,10
-168,-60,-136,4814,74,-336,-84,-33,-610,126,18
-169,-86,-128,2547,27,-253,-64,-41,-1022,108,20
-205,-53,-128,1044,-18,-258,-25,-58,-1688,44,30
-188,-113,-129,475,-38,-193,16,-39,-1317,118,21
-187,-108,-125,324,-48,-216,-1,-25,193,57,21
-162,-159,-119,167,-14,-186,-18,38,789,23,-74
-179,-115,-135,64,-2,-138,-35,29,905,2,-179
-211,-104,-131,26,47,-134,-57,22,805,-32,-241
-252,-67,-135,-1,63,-99,-41,18,668,88,-343
-227,-131,-137,-91,23,-80,-13,-14,366,46,-210
-234,-90,-139,-88,25,-124,-41,38,163,27,-35
-199,-133,-114,-113,42,-116,-21,44,40,68,97
-236,-87,-121,-93,103,-96,-31,76,-64,35,107
-213,-118,-113,-152,27,-82,-38,48,-88,52,132
-221,-81,-96,-145,110,-81,-47,-15,-66,31,101
-242,-100,-69,-67,104,-90,-85,40,-69,28,62
-238,-53,-60,-130,109,-64,-26,19,-83,59,10
-261,-62,-54,-46,127,-75,-22,53,-39,-9,53
-262,-53,-49,-78,169,-94,6,46,0,-6,50
-226,-92,-33,-114,104,-94,31,36,37,-15,48
-235,-72,-22,-104,111,-60,-15,40,-22,-43,31
-204,-104,-18,-52,121,-25,3,48,-75,43,47
-216,-65,-40,-83,119,-46,-24,1,-39,-24,31
-234,-47,-41,-60,152,-19,14,47,-27,-16,46
-253,-6,-36,-32,131,-72,9,25,-52,24,-5
-271,-22,-25,-46,100,-143,-4,30,-51,4,5
-261,-15,-28,-35,70,-55,-47,24,-86,27,61
-249,-21,-25,-21,65,-2,-89,100,-56,76,67
-264,-18,-28,-42,51,-7,-2,139,-56,31,23
-236,-20,-30,-28,113,-84,-49,44,-53,-32,-8
-229,-32,-35,-15,33,-63,19,38,-39,26,-20
-246,-27,-40,-41,36,-71,25,29,-55,10,-14
-238,-39,-50,0,117,-68,12,51,-82,49,-63
-275,4,-43,-60,50,-54,-15,51,-76,12,-39
-257,-26,-39,46,82,-27,-18,82,-67,-39,-25
-269,-8,-51,-40,1,-49,10,77,-52,-41,-97
-258,-26,-46,36,101,-29,8,106,-83,-72,-155
-284,4,-26,-10,40,-51,78,109,-64,-53,-180
-313,8,-42,62,-24,-67,37,121,-56,-39,-239
-346,49,-59,26,-35,-48,65,145,-98,-7,-284
-349,29,-31,20,-18,-79,78,146,-132,-6,-368
-399,62,-13,-48,-16,-45,65,160,-176,-37,-396
-379,33,7,-47,-25,-56,7,202,-211,-8,-439
-427,97,19,-21,5,-39,71,166,-237,0,-560
-435,100,40,-59,-61,-41,111,189,-200,-51,-590
-473,160,49,-97,-9,-87,95,166,-332,-48,-487
-483,179,85,-50,-109,-59,67,141,-334,-31,-383
-525,263,125,-56,-57,-54,58,163,-448,-56,-398
-525,254,152,-100,-57,-37,73,151,-640,-145,-557
-526,320,175,-96,-108,-67,46,110,-828,-120,-633
-495,301,207,-113,-71,-87,-24,106,-1086,-131,-682
-477,381,204,-120,-99,-139,-6,123,-1335,-135,-602
-425,357,228,-113,-109,-154,15,79,-1725,-92,-468
-403,411,252,-108,-127,-124,-4,91,-2148,-74,-242
-332,398,270,-126,-132,-155,-48,34,-2593,-57,109
-256,458,258,-172,-193,-156,-78,22,-2946,-29,461
-150,385,250,-226,-191,-173,-60,-21,-3392,34,337
-6,340,228,-215,-191,-189,8,-92,-3647,160,-270
162,213,212,-223,-238,-225,-79,-64,-3893,273,-874
342,153,161,-239,-162,-220,-79,-32,-3931,420,-1461
555,18,127,-228,-284,-235,-103,-51,-3578,546,-2463
762,-54,61,-284,-268,-181,-75,-58,-2963,617,-3630
1042,-259,-43,-276,-221,-211,-78,-22,-2103,717,-4694
1329,-462,-161,-263,-266,-154,-28,-4,-914,819,-5275
1638,-742,-288,-345,-287,-187,-31,36,348,902,-5845
1937,-937,-420,-374,-285,-244,-21,-3,1456,907,-6008
2243,-1200,-537,-326,-257,-161,50,2,2432,864,-6086
2594,-1443,-684,-364,-315,-149,64,0,3375,883,-5944
2989,-1742,-812,-394,-272,-169,57,50,4118,849,-5118
3374,-1983,-967,-407,-235,-76,68,99,4912,817,-5968
3748,-2279,-1123,-389,-229,-118,64,77,5032,763,-7098
4095,-2530,-1282,-334,-185,-106,102,76,4529,728,-7886
4473,-2866,-1464,-346,-206,-57,64,78,3422,647,-8076
4853,-3197,-1655,-326,-201,-43,60,81,1873,526,-8196
5183,-3476,-1842,-309,-195,-35,124,92,272,445,-10338
5530,-3689,-1976,-292,-115,-16,118,146,-1443,383,-13244
5822,-3956,-2112,-274,-136,-47,79,145,-2747,357,-17746
6088,-4243,-2283,-322,-41,9,98,187,-3413,168,-22668
6362,-4461,-2456,-246,-52,7,93,175,-3354,58,-24829
6611,-4612,-2587,-307,-43,48,136,175,-3175,-17,-20562
6811,-4723,-2677,-249,23,-11,91,181,-2593,-138,-2697
6946,-4923,-2789,-162,30,66,167,211,-2653,-127,14101
6947,-5150,-2903,-217,65,85,146,224,-1393,-137,23727
6931,-5364,-3023,-132,114,105,83,169,2658,-195,27019
6848,-5445,-3116,-90,141,90,108,161,5261,-122,25595
6740,-5478,-3166,19,202,171,103,64,5947,-150,22103
6537,-5303,-3125,35,281,116,55,66,5562,-129,18173
6308,-5111,-3051,85,319,152,68,55,5021,-221,14389
6048,-4899,-2939,157,344,179,86,-1,4747,-226,10963
5739,-4723,-2846,290,310,155,102,-42,4755,-290,8215
5381,-4523,-2785,268,331,172,154,-82,4694,-338,6173
4974,-4341,-2675,267,346,184,146,-82,4510,-421,4661
4469,-4033,-2529,335,352,154,152,-86,3834,-597,3376
4045,-3763,-2381,394,382,206,44,-114,3061,-792,2414
3607,-3424,-2244,354,397,110,-19,-236,1999,-912,1660
3194,-3132,-2075,325,344,129,49,-231,1321,-1114,1215
2741,-2709,-1886,301,348,182,38,-329,621,-1204,809
2323,-2367,-1695,321,326,145,-27,-397,-300,-1385,549
1894,-1980,-1512,307,376,141,-55,-327,-802,-1631,306
1551,-1687,-1334,396,325,110,-100,-252,-930,-1698,195
1232,-1332,-1186,389,310,42,-154,-274,-1253,-1915,22
968,-1122,-1024,324,238,51,-186,-243,-1690,-2332,-54
663,-861,-900,302,193,28,-244,-178,-1903,-2788,-117
456,-742,-794,279,198,35,-230,-129,-1910,-3424,-130
267,-601,-715,353,182,-1,-303,-73,-1988,-4049,-251
128,-558,-636,316,134,38,-374,-28,-2068,-4529,-271
16,-457,-575,368,145,16,-459,49,-2412,-3592,-283
-67,-405,-500,399,144,-48,-458,123,-2552,-632,-306
-173,-308,-451,364,98,-48,-531,249,-2335,3048,-266
-245,-305,-399,267,154,-73,-571,315,-1989,5559,-277
-302,-236,-370,237,161,-214,-526,278,-1653,5835,-233
-306,-264,-307,226,11,-181,-360,275,-1347,3995,-205
-389,-198,-254,207,10,-203,-333,216,-1114,1948,-150
-438,-174,-199,152,5,-160,-231,237,-720,835,-160
-493,-111,-143,112,43,-187,-128,188,-508,289,-133
-526,-113,-98,154,-19,-112,-11,114,-405,78,-81
-512,-60,-74,179,-24,-140,38,91,-387,-29,-72
-561,-37,-20,145,-96,-114,43,63,-375,48,10
-603,22,12,214,-26,-81,15,51,-337,9,13
-612,17,60,150,-71,-82,61,80,-312,18,60
-647,59,94,145,-67,-61,21,19,-238,62,26
-654,86,133,126,-4,-105,52,24,-265,156,58
-681,153,153,89,-31,-63,61,12,-189,51,113
-725,213,167,120,-34,-77,82,-7,-229,66,86
-766,277,185,121,-7,-172,83,24,-198,26,36
-810,302,210,51,12,-124,65,24,-152,-16,111
-789,316,219,56,19,-144,87,13,-181,43,50
-801,342,231,-2,-49,-179,113,43,-183,45,27
-832,368,237,5,-14,-117,162,18,-141,16,29
-838,409,240,-10,-46,-160,177,0,-111,41,49
-844,418,249,11,-66,-87,117,33,-88,42,63
-885,455,253,-47,-60,-32,72,-54,-99,53,145
-888,438,254,10,-47,-8,86,-5,-85,1,84
-916,468,245,-56,-109,31,101,-25,-159,65,24
-888,468,251,-109,-111,132,111,-96,-119,59,117
-898,502,262,-74,-147,172,57,-20,-127,26,103
-881,484,265,-51,-56,130,25,-17,-136,-12,117
-888,528,265,54,-101,63,71,-26,-70,50,74
-907,533,269,-26,18,86,44,-18,-26,44,52
-931,585,246,28,-28,43,10,-11,-44,42,54
-933,563,269,-12,-49,73,30,21,-116,49,99
-952,591,257,8,-28,4,1,-7,-78,59,102
-900,554,276,18,-20,8,-10,13,-84,72,87
-926,586,271,32,-61,-12,-54,-33,-40,20,65
-892,552,280,14,23,44,7,-12,-28,42,99
-899,602,272,4,35,37,38,-3,4,78,107
-872,576,283,5,38,44,47,-81,31,74,94
-898,618,291,28,-2,48,43,-20,32,120,121
-900,594,298,45,24,-5,17,-15,41,91,78
-896,621,292,20,-11,-27,-24,-62,47,59,32
-869,571,307,75,19,0,-56,-47,106,-9,121
-862,610,293,34,21,48,8,-45,78,54,153
-831,571,286,2,-10,16,-52,-25,47,19,117
-886,630,279,6,-42,21,-11,24,78,21,90
-887,608,263,34,-48,9,1,-12,37,1,90
-890,647,256,24,20,-24,13,-29,79,71,117
-881,598,253,-13,-21,8,0,-10,126,110,150
-867,628,245,1,-52,3,-17,1,66,61,75
-863,573,265,21,-16,16,-63,-45,62,49,2
-872,611,265,56,-13,60,29,-72,82,-5,7
-873,573,277,17,14,51,-40,-43,98,34,76
-892,631,263,27,-13,22,-18,-11,115,47,21
-872,588,232,28,-32,-13,-41,12,123,20,6
-879,616,231,-3,-3,27,3,-9,110,21,22
-878,584,235,15,0,-30,-12,-41,64,34,57
-865,591,233,26,-8,-20,17,-35,118,22,18
-872,568,252,26,-40,40,34,-63,123,40,40
-866,594,232,27,45,106,-6,-25,178,-28,52
-880,582,218,3,17,82,-36,-5,138,19,6
-917,617,220,7,9,49,16,-46,118,63,1
-911,615,238,22,-30,24,17,-77,120,3,33
-911,624,222,-16,-19,6,-7,-5,126,-12,4
-893,610,234,26,-55,-24,39,0,160,-13,30
-874,597,251,61,-21,36,57,-30,105,20,54
-874,572,252,59,-41,68,72,-17,135,-27,52
-852,569,260,41,-2,-14,82,-47,175,30,65
-874,567,267,68,-54,4,47,-49,212,39,20
-879,584,256,72,18,47,42,-38,116,-29,34
-889,585,251,33,19,54,77,-28,145,40,-20
-898,577,247,61,-13,103,58,-28,135,-39,30
-832,577,271,-10,19,61,69,-40,139,-46,9
-800,558,281,37,-26,90,42,-23,101,-49,14
-842,566,277,49,-38,41,36,14,97,-44,59
-830,541,266,-5,15,42,53,-11,175,-4,51
-869,591,262,-12,39,77,47,-10,159,-27,46
-878,580,281,53,-6,63,22,-22,142,-3,11
-867,616,304,75,-32,87,17,-22,134,40,44
-814,564,312,42,-30,10,67,-32,180,8,11
-786,555,319,26,-77,-26,24,-2,172,-18,37
-781,514,327,26,-7,61,100,-47,122,-57,38
-788,548,332,85,-25,77,51,-36,152,22,72
-777,524,340,89,9,59,79,-64,137,-36,39
-803,576,355,96,-56,79,77,-50,204,-36,-11
-759,539,363,149,-21,145,107,5,147,-27,32
-770,581,360,106,1,35,103,-33,162,57,-23
-759,548,375,73,20,89,49,-61,169,11,40
-775,590,381,99,-4,29,112,-42,139,4,-4
-753,556,382,53,0,52,56,-36,130,-29,27
-759,582,389,56,29,22,74,-7,135,-34,37
-742,529,410,71,-14,108,21,-34,143,6,54
-748,588,380,56,4,14,46,-50,132,-27,-34
-734,561,388,81,-8,21,63,-37,139,-15,-8
-765,603,397,132,35,9,64,-3,175,10,11
-729,551,394,76,-35,8,9,-24,144,23,4
-707,561,400,125,-40,-6,58,17,142,26,-43
-681,517,399,122,-16,0,58,3,163,28,42
-686,552,372,167,2,23,76,-31,119,39,59
-703,534,363,159,-16,23,64,-25,147,-32,39
-733,582,358,148,3,-15,41,40,145,-38,2
-703,537,357,155,-28,34,65,-21,148,44,-17
-716,574,345,96,9,9,70,2,120,-26,-38
-687,537,365,83,-21,-7,77,-13,131,0,-40
-712,585,350,130,10,46,21,42,180,-33,-30
-690,554,346,106,18,-9,42,41,77,3,-50
-694,570,347,98,-29,-17,3,-15,158,-29,-33
-714,542,347,158,10,18,16,-56,123,-2,-32
-659,550,340,159,-38,14,68,-1,171,20,30
-664,527,356,112,-38,14,30,-8,134,32,47
-679,554,360,118,-11,25,31,28,175,-11,-2
-658,529,363,95,15,43,4,-5,146,22,12
-656,527,359,80,30,38,29,-8,127,-41,2
-645,501,354,56,-27,50,63,22,91,-18,24
-650,529,339,60,14,42,-14,24,106,-43,3
-667,550,335,43,-37,-18,24,-8,109,-10,-13
-669,566,335,52,-4,10,-7,-16,85,-66,-33
-676,551,340,73,-24,44,-43,-13,121,-9,-29
-667,549,329,78,-33,-8,-41,-6,125,33,-32
-661,547,317,49,-22,-13,-52,-32,79,27,-51
-640,534,313,107,14,30,40,-40,69,8,29
-614,539,306,48,-15,-45,-13,-10,63,-24,8
-619,534,305,75,0,-3,34,-39,74,-50,12
-654,542,294,91,-20,21,59,-48,82,-14,-46
-629,508,295,71,15,18,-4,13,34,45,18
-637,535,274,79,-22,-14,32,34,114,13,11
-610,516,278,71,-33,-35,15,-25,86,-38,76
-631,540,278,13,-16,-22,-16,-3,112,14,38
-605,511,287,27,5,10,19,17,109,9,57
-603,524,288,22,-46,44,-30,20,100,19,26
-597,503,280,92,52,29,8,12,111,-3,22
-588,541,265,75,-7,-27,-5,-21,119,-3,-42
-607,523,273,49,-35,0,-13,28,68,21,-7
-637,549,287,4,-17,-38,-2,-12,66,14,-30
-590,494,296,-6,24,-60,10,-5,64,-61,-15
-591,523,302,55,5,-33,14,-4,16,-39,-17
-568,487,298,38,-11,14,29,-2,44,-15,52
-578,523,291,41,3,-23,-7,39,65,16,80
-559,497,294,-14,7,-43,-19,0,67,-42,20
-574,529,296,42,-54,-1,-24,-12,28,35,82
-566,473,296,28,-64,49,-34,-3,95,37,22
-580,507,284,33,-86,44,-15,-2,86,3,-9
-565,463,305,-25,-24,6,-60,9,14,5,60
-550,499,300,12,55,32,5,-6,-18,-20,7
-495,446,312,-15,21,13,13,46,59,-17,16
-549,516,309,17,-35,14,7,20,25,-57,43
-564,506,320,57,-49,-42,-3,1,6,-39,42
-578,556,303,37,-21,-33,-53,24,28,-9,64
-574,510,319,-26,-23,-19,-44,7,7,52,38
-557,532,309,-12,-27,-18,-23,16,71,25,19
-560,476,310,-6,19,-15,-40,45,39,36,61
-559,502,312,17,7,-1,-35,-10,33,-4,98
-534,462,320,36,-15,0,3,-3,10,-42,58
-560,514,305,1,4,34,32,49,-6,-57,27
-518,471,316,14,-14,-24,7,-30,65,2,14
-535,508,324,11,48,-13,25,-5,91,-56,92
-541,481,321,-59,12,7,-40,7,46,-20,96
-558,501,295,-15,-7,-17,-44,7,63,19,46
-575,475,309,-21,-15,-4,-56,-3,97,-53,135
-556,499,289,28,-18,8,-27,35,36,-58,90
-564,486,276,40,21,-8,-17,3,-32,-6,63
-595,500,275,30,39,-22,0,-30,10,34,48
-559,490,290,-22,26,-29,-15,-8,-13,40,6
-540,513,290,-32,0,-50,-21,-45,3,1,75
-529,494,282,10,-50,14,-29,-17,-17,26,82
-517,471,280,-64,-9,3,9,1,65,58,131
-529,463,286,-14,11,-7,14,-50,22,-45,102
-508,458,289,-23,-22,-21,-5,-4,-1,-44,95
-531,462,303,-44,-54,-37,-28,9,-10,3,108
-533,484,296,-30,5,20,-13,-4,-18,-42,142
-493,487,294,-1,3,-56,-30,-34,-10,12,90
-500,486,306,-59,-10,-33,-32,-36,27,-35,95
-482,502,334,-80,-38,-16,-37,-2,39,-34,145
-466,486,326,-38,-22,-36,5,-12,45,26,88
-486,495,330,-75,-3,-42,17,-31,-11,21,133
-448,474,335,-92,27,-17,7,17,41,2,113
-446,510,329,-45,-8,-1,-64,-32,19,35,112
-432,491,345,-51,16,-4,-7,11,9,-66,129
-469,527,356,-32,56,-47,-16,19,-13,5,179
-463,518,371,-41,-50,-46,-38,-19,53,30,138
-436,517,384,-54,-59,-66,-52,-40,15,22,104
-409,465,392,-72,-61,-37,-30,-85,-9,-22,136
-414,502,391,-111,-52,-56,-8,-17,17,-62,126
-407,483,400,-53,76,-9,37,-43,5,-3,140
-421,524,402,-87,-25,-44,18,7,14,-19,189
-391,488,411,-56,36,3,-25,-6,-23,25,154
-409,538,411,-62,15,-57,10,-20,17,-1,134
-386,500,421,-80,-20,11,-1,14,43,-3,148
-372,553,425,-72,0,-68,-24,43,42,-22,147
-356,520,400,-130,-14,-13,-23,-4,28,-18,157
-381,554,389,-83,-45,-37,-17,15,40,39,135
-384,518,410,-100,7,4,-7,-22,-48,-5,178
-381,573,395,-127,14,-33,-44,-16,-9,-11,146
-360,538,398,-129,-5,2,24,-40,11,8,144
-372,581,390,-127,46,-50,12,-23,26,28,143
-343,543,389,-67,-18,-100,-18,-24,30,67,163
-329,566,388,-98,14,-78,-3,13,20,21,220
-300,500,375,-98,-36,-43,-28,-51,42,34,180
-312,545,358,-85,-40,-14,-22,-27,29,1,164
-293,532,357,-39,4,13,-15,-80,0,-22,218
-302,581,349,-95,35,-11,-27,19,48,30,201
-289,545,352,-116,4,-8,5,-7,18,-39,255
-286,569,324,-69,-13,-45,-24,31,33,19,191
-249,533,333,-117,0,-43,16,-42,31,72,166
-268,566,336,-85,-31,-53,-2,-26,24,76,189
-224,550,349,-155,-44,-80,-1,-54,56,58,227
-238,569,352,-107,20,-69,-34,11,46,15,215
-260,540,363,-64,-2,10,-23,2,30,35,202
-221,547,353,-108,-18,-16,22,-11,25,51,161
-206,541,367,-74,-14,-34,22,20,62,64,211
-206,579,384,-59,-41,-28,33,-8,59,31,196
-164,545,403,-110,6,-60,-2,-29,37,52,209
-130,530,407,-64,-9,-24,-29,18,27,38,225
-96,499,412,-85,-32,-60,-15,15,76,28,254
-82,532,416,-74,58,11,2,33,65,83,263
-114,551,418,-65,-28,-13,-16,-16,71,57,204
-117,578,418,-20,-20,-20,-20,32,20,89,199
-135,577,430,0,-32,-10,17,-33,16,42,260
-89,564,426,-15,1,-51,38,29,83,50,224
-64,553,442,-2,-39,-107,20,-29,54,71,247
-53,545,448,16,-11,-28,-2,7,48,74,206
-25,566,456,-17,-6,-68,-21,-5,63,51,178
-29,571,474,-76,9,-17,-31,-32,17,39,173
-28,575,476,-55,-58,-9,-40,-25,56,16,199
15,542,485,6,-20,21,23,8,59,29,236
14,574,477,-4,1,-25,14,0,22,32,200
22,554,484,-21,11,-37,-16,-3,28,33,176
10,565,497,-23,3,-51,-4,-2,20,58,207
57,529,495,-32,0,-23,-73,34,95,-5,151
75,549,519,-8,-7,31,2,48,90,25,171
77,551,506,23,5,-12,12,12,64,20,232
70,604,488,11,13,-85,-2,-1,105,44,148
70,587,499,-1,-28,-52,12,-16,143,19,125
52,609,495,-31,-10,-60,20,12,61,69,170
108,538,497,6,-30,10,-51,16,81,27,177
115,562,496,31,-52,-5,-41,31,13,-28,150
131,527,502,31,-83,5,-96,-2,35,-34,211
118,577,481,21,1,-6,-39,21,61,35,218
148,531,476,-54,0,2,-30,9,71,31,154
152,556,460,-44,-55,12,0,-28,132,51,142
159,517,460,39,-33,-9,-41,-28,93,86,143
176,547,437,6,-5,-8,-17,-7,124,41,86
186,500,441,41,-2,5,56,-42,91,47,152
177,534,424,-6,2,3,0,-25,108,50,111
227,473,424,15,23,27,-15,21,121,-14,146
210,527,418,18,18,-14,-28,81,82,0,106
215,498,408,39,13,7,-47,31,84,24,71
213,539,376,21,22,2,12,15,87,23,79
220,503,391,-29,2,-29,-41,-10,75,37,132
226,524,379,-27,-34,-23,-61,5,60,15,153
238,474,396,10,-45,5,-15,16,88,55,139
241,497,391,73,-40,8,-44,-6,53,95,87
252,466,414,26,-54,54,-40,-12,55,58,115
236,506,407,-1,25,31,-67,-1,117,43,64
289,459,394,26,-33,19,16,-23,79,32,56
274,486,399,11,69,33,-19,0,81,15,42
265,466,390,-46,14,42,-62,8,106,70,106
291,473,375,-4,-7,36,-59,-4,79,6,63
275,448,387,52,33,41,-63,-7,76,-15,72
289,478,365,38,17,3,-12,-31,67,-19,105
283,478,374,61,-37,-21,-24,3,127,23,74
249,514,374,0,-50,29,10,16,179,-1,58
227,496,376,-13,-6,-11,24,3,118,-18,25
187,503,349,-4,-30,-15,-7,23,40,29,35
229,488,342,0,-19,-6,-2,-9,51,-4,25
312,469,352,9,-4,20,15,-11,109,21,21
327,464,359,57,-24,32,-8,-52,112,10,-1
328,458,353,29,38,47,-14,-30,88,7,52
268,455,340,-2,-30,20,-15,-9,117,47,35
257,456,319,-7,45,-5,-3,28,71,39,54
264,466,316,47,23,33,2,-10,100,52,-6
271,443,320,15,-17,69,-47,-18,58,-28,31
287,460,323,26,6,41,-63,-3,113,-54,9
289,443,327,44,39,26,-60,0,84,-42,34
248,447,324,62,31,22,-54,-20,136,-30,44
297,410,301,28,52,2,-41,1,95,11,28
280,439,301,-4,2,8,-16,30,114,14,38
272,426,304,6,31,15,15,9,88,-7,19
239,453,300,39,0,24,-7,-41,22,5,-25
233,409,275,44,-21,-13,-28,6,74,10,5
263,392,259,118,-36,-10,-38,-19,22,-8,79
273,334,257,113,-15,24,-17,-56,86,-1,84
249,345,253,101,13,28,-75,-11,103,-7,53
255,316,257,92,9,27,-56,24,12,-19,52
219,365,259,66,-4,-1,-61,21,35,-79,63
244,325,253,105,4,18,-31,-14,22,-88,36
221,361,229,60,21,30,-10,31,61,-14,27
205,313,207,66,6,125,-33,-36,81,8,109
185,342,199,76,67,11,-4,-13,30,-7,86
185,302,189,0,26,70,-99,-22,16,0,66
153,326,184,31,75,38,-84,-6,31,-71,101
172,262,198,93,40,55,-65,2,2,-45,129
163,313,183,74,-21,-35,-48,28,47,-29,113
152,281,181,60,-23,-28,4,-5,21,-4,132
101,338,182,10,-37,-27,0,29,65,15,88
114,267,182,15,-41,12,3,37,61,-30,134
119,273,191,114,-26,39,-4,21,28,-7,145
130,230,197,90,32,26,-25,7,55,-68,158
110,271,180,66,23,5,14,41,126,-60,66
76,262,174,77,-1,61,-47,20,72,-60,110
48,291,161,109,27,20,-54,9,38,-17,85
64,241,173,103,15,-5,-1,28,31,-38,109
53,278,150,122,53,44,-39,40,102,-41,160
63,249,164,91,-16,43,-59,1,77,-27,107
18,299,171,57,19,11,-29,19,55,-70,153
7,287,182,41,1,-27,-36,30,71,-75,111
-16,310,169,26,-16,20,-42,47,20,-74,181
-49,266,164,116,2,68,-87,50,48,-20,130
-18,273,141,124,41,-2,-84,44,23,-13,141
-28,272,157,77,16,8,-41,3,94,-29,109
-40,289,149,104,-13,50,-17,3,74,-42,150
-30,261,154,23,20,-11,-3,19,49,-115,160
-43,273,165,88,-27,10,-23,14,87,-112,148
-35,244,168,132,25,29,0,35,64,-60,200
-49,256,159,118,19,31,-49,61,124,-17,182
-69,266,162,60,7,19,-6,-34,106,-33,142
-80,272,170,69,74,-8,-9,8,107,-32,164
-97,259,176,92,7,-20,-84,34,114,-70,154
-77,230,170,79,5,9,-63,-7,116,-33,184
-96,241,178,64,5,3,-31,2,71,-14,177
-121,232,162,107,47,64,-66,61,52,-58,151
-109,230,145,84,29,16,-78,-1,72,-10,120
-119,213,145,-9,22,4,-23,0,69,-47,158
-134,219,158,-5,-10,36,-44,-1,67,-43,155
-101,175,153,12,-34,50,0,-27,62,-48,148
-105,180,139,93,-23,-10,-13,-38,53,-79,140
-111,149,140,56,-6,36,-31,34,94,-105,197
-164,175,126,69,10,49,-54,-6,37,-102,134
-178,128,110,94,11,-2,-35,40,105,-77,142
-161,138,109,18,9,75,-55,25,92,-37,148
-135,127,113,100,-1,6,-40,74,110,-85,167
-150,181,80,57,-23,-13,-71,-18,50,-11,116
-187,159,66,41,26,-13,-38,14,91,-77,111
-242,179,42,23,-17,-17,-52,22,51,-22,153
-211,120,49,55,2,-2,-28,16,37,-9,169
-238,149,47,67,-5,-31,-47,-53,27,-52,92
-226,92,51,40,27,20,-52,-6,20,-82,117
-221,124,42,33,29,40,-80,36,31,-61,149
-188,85,42,33,3,-8,-36,39,59,-32,104
-202,106,39,0,-33,2,-22,14,128,-74,97
-207,66,42,83,43,37,-45,28,79,-6,74
-230,107,55,21,-2,-54,-32,26,41,-16,71
-216,72,77,46,0,8,9,32,62,-71,119
-240,106,60,66,24,27,-6,-11,99,-28,110
-213,54,66,80,-4,61,-45,-35,49,-1,84
-247,99,68,16,-13,36,-102,-21,72,-1,69
-234,80,77,48,-28,20,-24,-54,47,-43,74
-244,124,67,58,37,-3,-61,-6,87,-59,33
-260,79,75,58,2,-35,-51,-1,60,-55,63
-265,114,77,21,33,41,3,18,-12,-10,30
-256,60,97,36,40,9,-46,-5,31,-63,87
-260,89,103,84,-27,-65,-59,55,36,-9,101
-258,61,97,74,0,-26,19,28,63,5,62
-280,108,91,3,4,35,-7,27,67,-14,56
-243,78,92,20,16,-38,20,-16,57,-15,63
-250,94,105,17,2,34,27,-20,51,-38,22
-257,79,113,20,35,-24,-48,7,29,5,7
-268,97,101,47,-12,44,-24,38,4,-7,8
-300,73,113,15,-52,40,-24,56,21,-96,26
-275,88,97,60,6,-32,-26,29,7,-9,31
-269,86,102,55,-25,5,-49,34,34,-24,51
-291,113,111,-2,21,44,-10,28,102,-77,42
-295,101,119,-5,59,3,9,0,28,10,-12
-327,114,105,-9,14,-74,-14,-8,25,4,-11
-325,110,100,58,-31,-49,-4,-21,33,7,2
-279,94,125,76,-39,12,-36,12,6,1,-23
-249,89,146,32,-13,-36,0,28,-6,-57,3
-231,74,151,50,-13,15,-2,23,-1,-1,-18
-259,74,169,20,29,-12,-5,-26,68,-23,-28
-282,95,155,11,27,1,-23,-24,38,-51,-8
-276,107,147,-10,11,-32,-39,24,39,6,14
-285,95,150,22,26,12,-29,58,-12,-45,1
-276,114,156,44,44,14,8,37,-10,7,39
-264,88,146,9,22,-31,-27,34,35,-1,11
-272,100,154,13,-1,-20,-59,21,-1,35,41
-234,74,160,20,54,-7,-46,-9,-5,-12,-22
-267,126,155,14,-15,27,-79,-7,10,1,5
-270,122,162,-17,42,28,-8,23,46,-48,-29
-284,147,153,-24,-1,-17,2,27,-31,36,-42
-276,103,145,28,-82,3,-51,25,-14,-1,-1
-262,108,140,31,-14,-40,-49,-30,-32,34,-24
-239,56,138,38,-6,4,23,51,-35,-46,-19
-234,99,142,-23,-7,53,-8,21,-48,-1,-29
-250,87,157,34,4,32,-31,15,-38,-24,-26
-296,128,148,11,36,-17,-20,1,10,-46,-57
-263,88,142,51,28,27,4,0,2,-33,16
-269,122,128,2,-11,-54,-111,39,23,49,-24
-270,84,125,0,24,1,-83,4,8,-46,21
-293,127,127,-8,-14,15,-71,-9,17,-50,4
-269,96,126,-20,-16,27,-10,35,-7,-13,-22
-269,135,139,27,-58,-21,-72,8,17,-32,-19
-260,95,161,14,10,37,-28,-28,-3,-4,-53
-278,149,131,28,44,-49,-42,8,10,-36,-64
-275,117,135,-12,6,15,-25,-41,-9,-35,-25
-318,162,138,10,47,-3,-18,-31,-8,7,-76
-284,101,149,-23,12,-49,5,10,64,26,-58
-278,108,146,19,-27,-41,-5,39,-10,4,-56
-235,67,160,43,-24,7,-5,10,-48,-7,-24
-239,122,151,32,-29,6,-26,-9,26,-24,6
-260,116,160,43,7,34,3,-1,3,-62,-30
-280,160,142,15,-19,35,-8,15,-4,-2,-66
-266,107,148,21,2,55,-21,10,-9,-9,-59
-276,139,125,30,33,2,7,35,-33,11,-81
-242,106,140,12,-26,-32,-22,49,-20,-48,2
-271,156,149,18,8,74,-65,6,-5,10,-44
-239,129,158,6,-23,-23,7,-20,-31,-8,-37
-223,140,148,-9,13,-19,13,-4,-68,-21,-33
-253,121,153,21,0,44,33,18,20,53,-15
-254,160,145,33,33,-42,-32,38,-7,-23,-89
-277,162,178,26,-12,-36,-31,36,-40,-26,-73
-276,160,188,44,2,14,-14,30,-38,-35,-58
-245,122,204,45,-7,-23,31,47,-66,-36,-63
-232,102,207,32,-16,18,-5,24,-68,-52,-75
-217,81,225,78,-35,35,-20,46,-13,-63,-34
-253,94,214,56,27,68,-63,68,-22,-65,-85
-285,97,228,84,74,45,-17,-9,-42,-73,-38
-309,99,239,20,58,62,-27,97,-19,-107,-81
-351,85,258,41,31,7,-22,17,-60,-65,-40
-329,49,270,40,73,0,-108,92,-87,-152,-73
-342,-6,301,63,-2,-64,-78,11,-110,-92,-119
-365,-40,303,26,35,13,-105,44,-92,-112,-125
-374,-57,306,46,44,-40,-56,44,-43,-144,-133
-394,-104,332,54,17,-31,-49,44,-72,-179,-199
-457,-130,336,88,-23,-61,-33,-2,-128,-147,-219
-463,-191,336,165,64,-36,-78,8,-77,-207,-240
-498,-233,334,23,57,-66,-67,44,-86,-218,-214
-499,-293,340,61,33,-108,-96,45,-95,-200,-206
-545,-316,353,50,64,-123,-60,45,-131,-189,-249
-560,-418,374,115,9,-56,-108,92,-106,-255,-291
-580,-451,399,97,-2,-86,-40,102,-113,-238,-334
-585,-519,396,75,-9,-72,-48,104,-143,-269,-372
-610,-555,365,147,-83,-41,67,88,-86,-240,-431
-647,-639,364,114,-79,-29,30,69,-139,-204,-501
-693,-679,351,119,-154,-116,39,73,-243,-269,-565
-668,-812,366,125,-135,-124,22,-9,-312,-285,-786
-691,-856,360,-29,-145,-42,-9,-33,-373,-274,-990
-685,-947,372,-65,-89,7,-81,-105,-481,-324,-1197
-688,-949,371,-107,-169,4,-156,-117,-534,-308,-1402
-663,-1022,371,-183,-191,39,-166,-161,-614,-347,-1687
-675,-1030,354,-188,-210,31,-231,-188,-803,-355,-1942
-646,-1147,347,-213,-207,-2,-216,-178,-924,-431,-2082
-617,-1180,330,-199,-221,-89,-235,-238,-986,-337,-2412
-564,-1280,329,-232,-198,-109,-188,-185,-1043,-307,-2712
-539,-1268,304,-139,-146,-117,-249,-139,-1057,-285,-3023
-480,-1344,308,-132,-132,-134,-205,-85,-1261,-309,-3418
-499,-1311,314,-157,-150,-110,-145,-70,-1473,-244,-3893
-472,-1354,308,-116,-160,-106,-143,-42,-1704,-240,-4396
-462,-1324,270,-124,-136,-96,-97,-47,-1844,-215,-4826
-450,-1389,261,-256,-130,-144,-43,-48,-2150,-186,-5367
-406,-1411,220,-278,-117,-66,7,-5,-2498,-43,-5921
-335,-1501,212,-285,-86,-68,-10,-17,-2815,74,-6466
-275,-1534,192,-268,-20,-95,-28,48,-3193,117,-6425
-198,-1636,179,-230,10,-62,-24,9,-3520,148,-6101
-199,-1641,147,-234,-30,-77,-21,-30,-4024,210,-5327
-134,-1739,112,-363,46,-76,-44,-55,-4310,336,-3927
-90,-1792,67,-328,33,-17,-11,18,-4405,440,-1329
-52,-1922,16,-349,25,-88,-27,-58,-4157,527,2337
0,-2029,-65,-280,-32,-89,35,-27,-3494,673,6953
49,-2187,-128,-253,9,-24,16,-43,-2176,711,11765
123,-2331,-211,-241,-9,32,18,-90,-537,725,15520
194,-2497,-294,-279,4,21,-34,-64,1735,812,17098
221,-2620,-367,-223,14,9,21,-35,4430,757,17849
272,-2773,-443,-162,-9,-58,-11,-65,6904,769,17027
364,-2926,-519,-117,13,-12,-39,-28,8691,750,15854
490,-3105,-584,-131,18,-1,9,21,9852,755,14402
593,-3296,-671,-132,-50,66,5,-32,9959,759,12466
661,-3487,-774,-120,42,55,-7,-14,8670,844,7115
751,-3673,-853,-46,7,-3,30,-19,6779,934,-3467
820,-3834,-911,-1,27,40,59,-23,5219,1037,-8324
914,-3989,-1002,66,35,86,27,23,4301,1002,-2765
1013,-4131,-1068,69,55,22,11,56,3540,862,2272
1073,-4286,-1128,80,84,39,41,3,3287,681,4203
1162,-4437,-1196,21,17,49,68,-5,2514,649,5122
1276,-4626,-1275,-13,63,39,54,-3,2398,529,4861
1398,-4776,-1327,-8,12,-17,47,-12,2237,484,4310
1569,-4957,-1377,-76,-45,25,20,8,2510,419,3287
1647,-5059,-1468,-145,-107,-19,-4,36,3089,433,2448
1735,-5230,-1535,-176,-70,-29,22,8,3572,436,1827
1818,-5346,-1605,-143,-25,-30,3,-41,3403,420,1343
1957,-5545,-1687,-260,-96,-54,-23,-10,2116,373,685
2114,-5702,-1773,-272,-64,-44,14,-9,964,389,-105
2284,-5910,-1835,-288,-61,-51,62,-5,296,334,-896
2454,-6037,-1908,-354,-121,-53,-4,48,-148,344,-1571
2632,-6241,-1982,-391,-141,4,48,-11,-182,244,-1978
2772,-6385,-2074,-416,-144,-35,-34,11,-238,218,-2326
2978,-6629,-2164,-264,-129,18,-18,34,-46,158,-2640
3140,-6762,-2257,-132,-48,-35,17,4,-142,117,-2863
3320,-6959,-2335,-105,-30,48,30,14,-673,55,-3049
3490,-7084,-2419,-73,-13,-19,56,-6,-1424,121,-3103
3691,-7317,-2536,-67,38,1,4,17,-2593,163,-3098
3888,-7484,-2636,-28,-37,-29,8,95,-3793,220,-2870
4107,-7749,-2704,-12,19,-8,-40,5,-3924,203,-2792
4291,-7876,-2807,53,13,-77,-65,4,-2614,220,-2901
4484,-8107,-2907,30,9,-23,-37,32,-1804,206,-2936
4624,-8265,-3019,136,2,26,-8,22,-1581,175,-2956
4826,-8544,-3126,151,35,-20,11,41,-1689,133,-3029
5034,-8733,-3226,159,26,-30,10,-14,-1933,113,-3030
5245,-8980,-3323,215,79,-16,48,-67,-2104,-33,-2848
5413,-9129,-3429,206,53,16,37,12,-1849,-233,-2558
5561,-9352,-3538,230,35,74,-52,4,-1528,-483,-2217
5681,-9512,-3645,188,42,-1,35,14,-1256,-292,-2070
5863,-9764,-3763,191,-36,-21,75,61,-1136,60,-1993
6039,-9930,-3905,169,37,49,-1,1,-1086,107,-1828
6206,-10131,-4005,144,17,-13,-13,-19,-1170,-48,-1746
6294,-10253,-4115,127,7,0,62,-32,-1246,-40,-1696
6442,-10428,-4200,67,10,7,44,-6,-1199,75,-1694
6564,-10530,-4276,76,-2,-10,45,18,-1135,-146,-1609
6645,-10654,-4343,137,7,-13,-30,37,-1057,-288,-1601
6727,-10713,-4410,159,-18,30,36,0,-1064,220,-1620
6764,-10778,-4460,151,52,27,-28,-42,-753,858,-1533
6782,-10770,-4497,155,37,56,0,-13,-377,559,-1450
6808,-10748,-4502,173,19,-29,42,-5,-381,-141,-1421
6782,-10709,-4497,171,41,-2,27,-39,-376,-443,-1482
6713,-10671,-4461,183,94,38,-9,-8,-262,-394,-1462
6613,-10532,-4427,226,112,82,16,67,-104,-291,-1425
6456,-10288,-4353,183,100,41,50,12,26,-368,-1422
6267,-9988,-4244,231,94,37,11,0,3,-362,-1407
6020,-9650,-4106,219,79,11,33,12,-37,281,-1511
5739,-9257,-3941,272,159,61,-5,-7,-60,825,-1502
5419,-8836,-3766,298,136,17,40,19,-132,1188,-1422
5105,-8443,-3582,273,178,54,40,4,-281,1885,-1426
4764,-7986,-3396,288,120,63,34,62,-428,1773,-1417
4404,-7524,-3178,321,132,35,38,55,-487,649,-1346
4026,-7005,-2951,270,135,89,66,-17,-507,40,-1240
3673,-6483,-2718,254,124,111,67,-6,-529,-139,-1198
3256,-5883,-2487,299,114,48,24,55,-620,-233,-1169
2858,-5333,-2233,260,145,89,8,21,-581,-667,-1067
2459,-4741,-1987,250,164,62,-13,44,-591,-841,-987
2086,-4220,-1748,211,139,39,37,54,-543,-982,-954
1724,-3640,-1505,208,123,109,1,49,-570,-1032,-871
1379,-3131,-1290,239,115,100,47,30,-518,-1000,-851
1046,-2575,-1095,183,122,57,6,72,-501,-939,-841
734,-2101,-881,155,134,53,94,89,-500,-841,-832
425,-1607,-692,188,41,47,20,76,-514,-904,-821
222,-1249,-516,138,68,18,64,93,-531,-936,-746
-11,-821,-355,154,2,25,41,168,-544,-823,-685
-187,-508,-189,144,70,41,81,152,-518,-777,-654
-378,-154,-66,100,39,9,15,193,-499,-748,-621
-506,99,57,22,23,74,55,176,-479,-669,-517
-650,399,162,99,30,24,41,242,-447,-638,-547
-769,617,268,54,-3,-9,53,337,-439,-487,-506
-884,870,348,69,53,-2,70,513,-417,-402,-450
-967,1039,446,89,56,60,122,638,-411,-435,-358
-1066,1273,517,40,50,41,107,933,-429,-384,-378
-1094,1372,565,118,46,32,21,1317,-420,-345,-298
-1164,1540,605,54,70,63,-28,1910,-362,-340,-314
-1189,1638,652,52,65,40,0,2164,-362,-285,-319
-1228,1788,664,23,59,45,62,875,-346,-274,-268
-1272,1845,700,17,14,48,88,-4093,-327,-281,-233
-1289,1931,720,2,-21,-34,57,-10539,-311,-240,-275
-1286,1939,745,50,34,-7,82,-13612,-326,-274,-203
-1291,2017,753,71,44,45,73,-10118,-270,-336,-184
-1292,2020,760,91,-3,18,82,-2454,-272,-381,-161
-1312,2088,755,65,42,22,175,2063,-193,-396,-202
-1294,2108,755,-23,-3,-16,292,3652,-183,-328,-155
-1302,2171,772,23,-36,38,469,3375,-112,-343,-59
-1309,2172,765,47,-6,70,728,2974,-185,-276,-91
-1291,2207,756,56,19,32,959,2555,-155,-198,-136
-1304,2209,768,60,37,19,646,1701,-106,-200,-124
-1286,2244,756,44,101,66,-1054,3136,-84,-307,-101
-1293,2261,749,28,87,33,-2915,5077,-61,-232,-66
-1303,2301,759,7,54,134,-4662,4899,-151,-203,-86
-1302,2319,777,27,4,74,-6477,2049,-89,-121,-79
-1307,2345,772,6,32,30,-6508,794,-67,-126,-78
-1292,2341,778,33,-4,72,-4256,803,-155,-29,-52
-1255,2322,779,78,-17,39,315,203,-65,22,-84
-1261,2314,764,80,-4,-21,4748,-279,-98,16,-95
-1261,2309,756,25,13,-39,6300,-458,-40,0,-94
-1291,2326,749,32,17,-28,4617,-415,-5,5,-80
-1266,2332,760,37,31,207,4596,-278,-60,9,3
-1210,2336,771,4,37,736,4668,-238,-86,2,-45
-1243,2314,755,41,74,1159,3138,-233,-38,46,-43
-1252,2325,731,69,111,-1212,1742,-251,-29,48,-11
-1251,2288,710,52,117,-7406,2026,-232,-87,73,-98
-1281,2291,706,58,94,-12013,1518,-295,-34,3,-58
-1257,2258,704,116,120,-8184,431,-296,-33,27,-43
-1270,2294,696,35,-29,-425,167,-324,-16,63,0
-1259,2261,689,47,-164,4778,314,-354,-29,49,-101
-1271,2280,683,121,-255,6542,-18,-407,9,30,-68
-1261,2239,672,155,-379,4635,-352,-454,-44,22,-83
-1247,2241,666,133,-812,1693,-516,-394,0,84,-36
-1230,2174,653,216,-1296,621,-574,-349,-50,18,-45
-1240,2196,631,220,-1674,328,-656,-364,-34,19,0
-1253,2167,633,186,-1891,1050,-618,-361,-22,15,24
-1289,2213,637,128,-1820,2094,-551,-345,30,-54,-89
-1243,2160,641,-9,-1428,2054,-500,-316,-14,-154,-42
-1238,2191,627,-232,-500,1651,-354,-238,-92,-119,-102
-1220,2138,622,-387,247,1204,-320,-187,-80,-139,-37
-1239,2172,618,-364,67,827,-255,-201,-66,-180,-19
-1231,2133,605,-455,-1477,536,-247,-210,-83,-156,-94
-1251,2152,602,-457,-2953,381,-216,-139,-83,-133,-50
-1233,2099,623,-557,-1271,233,-127,-143,-18,-57,-84
-1230,2138,599,-531,1867,84,-109,-127,-35,-92,-107
-1206,2101,600,-110,2926,-36,-112,-38,-48,-23,-35
-1235,2124,598,802,2502,-180,-70,-69,-82,36,-60
-1183,2052,599,1951,2019,-126,-103,-70,-80,-8,-76
-1164,2063,596,2811,1822,-175,-87,-77,-60,64,-85
-1136,2007,613,-195,1480,-169,-83,-79,-27,70,-67
-1148,2032,597,-6597,1141,-195,-158,-68,-6,94,-74
-1155,2009,597,-7583,842,-156,-109,-15,-58,94,-83
-1163,2045,587,-5441,505,-146,-81,-13,-70,89,-44
-1147,2016,593,-3276,289,-136,-84,-13,-19,23,-75
-1139,2039,575,12,137,-147,-118,-37,-35,65,-69
-1091,1994,584,2731,40,-95,-92,22,24,20,-24
-1110,2033,586,2762,23,-48,-55,-29,-4,9,-69
-1087,2031,599,1858,-78,-70,-68,-3,-6,68,-85
-1082,2074,609,1252,-48,-70,-51,-1,-17,52,-60
-1081,2049,602,787,-75,-87,-84,-18,8,27,-67
-1020,2055,591,489,-79,-59,-36,23,-20,45,-46
-1047,2067,600,279,-102,-120,-24,-24,-21,14,-47
-1058,2100,604,218,-117,-63,-38,-18,-23,-37,-69
-1041,2102,633,241,-115,-62,-52,6,2,38,-60
-1036,2116,634,225,-18,-38,-39,5,11,29,-64
-993,2116,641,182,-17,-27,-48,2,-1,13,-16
-987,2140,649,107,16,-29,-44,40,0,9,-15
-997,2188,667,82,-17,4,-44,36,54,82,-39
-1003,2238,678,106,13,8,-12,72,124,91,-42
-1017,2253,706,111,30,18,-10,29,25,35,10
-990,2262,704,86,5,-78,-15,30,36,99,-45
-1005,2281,719,51,7,-89,-38,42,24,110,-1
-1040,2306,724,-44,37,-25,8,48,32,119,-12
-1032,2338,750,-8,27,-21,-39,42,2,72,-14
-1017,2347,781,2,40,-41,-55,97,78,101,-46
-1034,2380,804,-19,36,32,-51,51,127,113,-6
-1008,2379,817,67,5,-32,-82,29,70,34,-20
-1023,2437,824,-4,31,-28,-41,62,42,88,36
-1008,2425,847,32,-5,-2,-39,64,56,69,61
-1016,2455,868,12,7,-32,-20,61,48,72,47
-985,2423,883,51,39,11,-72,54,51,57,8
-1004,2478,907,105,54,-35,-59,71,59,31,-9
-1005,2486,914,118,102,50,-27,82,76,30,28
-989,2551,911,126,45,5,-55,95,71,12,-56
-970,2532,911,82,86,-14,-61,88,41,61,19
-1004,2582,910,99,42,-97,-25,69,83,47,-34
-976,2533,916,57,-1,-36,-85,65,32,25,25
-986,2583,918,95,31,-87,-50,74,47,41,-35
-955,2536,928,102,-20,17,-29,57,68,52,-63
-959,2579,911,92,4,1,-17,71,23,36,-30
-927,2565,900,78,-32,-65,-41,16,37,56,-55
-919,2589,879,76,-13,-26,-8,29,18,5,-43
-901,2541,868,120,12,0,-53,29,9,21,-32
-914,2581,839,87,-39,-16,-62,93,33,85,-20
-894,2534,835,105,-46,-65,-67,83,4,-4,9
-924,2599,817,64,-7,27,-10,101,28,13,-64
-888,2564,810,43,-41,25,-14,97,10,4,-22
-922,2610,790,46,40,-21,-91,92,46,66,-104
-939,2593,762,101,49,-22,-29,55,4,7,-2
-962,2655,732,110,-16,-9,3,69,39,42,-56
-954,2626,727,93,20,-12,-31,74,-17,54,-22
-916,2634,724,42,-12,-34,-12,81,-37,-3,-52
-909,2595,730,65,-30,-44,-28,54,3,35,-8
-923,2649,720,58,-8,-24,-60,42,21,52,-39
-927,2636,731,106,-33,-37,-41,41,-18,12,-31
-941,2678,717,99,21,-6,-29,45,-3,10,-77
-903,2656,709,80,57,-7,-29,84,18,-1,-34
-906,2683,722,-22,8,-34,-42,83,0,-33,-44
-921,2684,733,44,23,-52,-47,40,26,-12,-116
-911,2699,734,83,-35,-35,-38,106,-16,23,-46
-925,2708,770,15,-52,-51,-11,85,-10,-25,-12
-898,2726,761,65,15,2,-32,33,-2,-7,4
-893,2731,759,55,34,-60,-58,66,40,73,-65
-913,2783,776,69,43,-24,-64,48,-18,-38,-25
-921,2805,798,52,-19,-10,-19,38,2,-10,-80
-930,2837,795,70,-34,-62,-26,62,57,3,-47
-900,2822,791,65,-69,-13,26,79,33,24,-61
-877,2807,806,0,-56,-23,-32,42,24,27,-38
-886,2813,808,-18,-20,-5,-65,30,17,-23,4
-873,2824,831,20,-37,-39,-40,49,51,12,12
-904,2863,842,9,-5,-23,-35,65,38,27,9
-916,2882,840,6,35,-7,-16,104,29,8,-19
-894,2918,841,25,-12,-30,-35,64,-1,67,-32
-885,2923,846,18,17,-40,-50,20,-22,42,-63
-877,2952,842,13,9,-56,-46,46,-17,-1,-2
-901,2953,822,-8,-3,-2,-31,95,-14,45,-53
-924,2978,827,26,-16,-31,-12,94,-22,17,-47
-886,2949,823,-28,12,-23,-7,58,0,-6,-52
-899,3003,815,-31,26,-52,16,73,-43,13,-65
-906,3006,821,-29,8,28,-48,96,-4,30,6
-933,3070,826,18,2,-46,-72,28,28,75,-71
-930,3055,829,-3,-25,-4,-68,38,-8,33,-44
-900,3079,829,11,-60,-79,-33,37,25,74,-96
-867,3034,840,-15,-59,21,-38,53,55,82,-11
-864,3081,840,3,-20,-43,-27,30,-18,60,-69
-860,3068,856,37,23,-19,-43,-34,-59,71,-11
-917,3139,849,-34,-38,-56,-99,21,-6,78,-32
-901,3123,846,-34,-8,-34,-28,64,2,59,-79
-903,3189,837,-18,-24,-18,0,-6,-59,57,-69
-880,3163,850,-40,17,-10,-13,0,-8,8,-77
-894,3218,862,-73,-16,-15,35,57,-44,0,-100
-879,3206,870,-45,23,49,-8,19,-49,24,-96
-908,3255,865,-42,-42,-13,-45,42,-28,59,-85
-902,3233,882,-57,-51,-10,-38,53,-11,9,-76
-915,3301,859,-85,-60,-18,-84,24,-69,97,-90
-894,3292,883,-95,-18,-58,-89,11,-20,72,-138
-936,3364,904,-15,-8,-49,-53,59,-50,75,-145
-913,3328,915,-84,-33,-48,-95,18,-21,46,-90
-907,3355,907,-6,-31,-51,-64,-5,-18,65,-109
-875,3320,912,-61,3,12,-34,27,-77,41,-93
-870,3362,908,-59,-40,16,-31,51,-39,33,-168
-884,3377,920,-39,-3,-56,-53,2,-9,18,-133
-915,3437,920,-38,-11,-2,-36,-25,-75,18,-157
-923,3418,925,-26,-47,0,-8,52,-127,18,-187
-955,3471,921,-32,-37,-31,-72,-9,-101,59,-193
-930,3465,929,-88,-45,-17,-39,-42,-24,42,-130
-916,3508,952,-21,-27,-5,-71,30,0,28,-177
-865,3489,966,-110,-3,-11,-60,18,-56,-6,-157
-872,3507,966,-101,-59,-45,-80,38,-52,45,-154
-916,3500,977,-14,-52,-27,-103,51,-53,74,-194
-907,3545,979,-47,-52,5,-56,18,-77,66,-190
-947,3575,992,-68,-109,3,-16,-3,-104,29,-208
-940,3595,1009,-40,-62,41,-43,-17,-29,36,-242
-907,3576,1020,-17,9,-6,-49,5,-120,78,-256
-879,3582,1029,-40,-21,4,-58,31,-90,9,-227
-847,3580,1060,-41,-63,17,-48,-4,-78,61,-200
-852,3615,1068,-28,-40,40,0,13,-24,28,-226
-873,3656,1079,-67,-28,-4,-48,8,-45,18,-252
-879,3677,1087,-49,-24,-10,-4,29,-38,6,-260
-910,3683,1101,16,-27,-35,-13,-12,-41,48,-307
-875,3691,1107,-83,-64,-14,-47,6,-29,27,-248
-864,3701,1133,-56,-85,-64,-38,-6,-66,7,-244
-855,3701,1141,-38,-90,35,-68,4,-61,-43,-244
-850,3738,1158,-2,-86,-3,-43,-17,-43,5,-260
-845,3739,1172,-27,-66,-11,-58,-6,-34,37,-260
-858,3753,1176,-26,-38,-15,-78,17,-71,37,-226
-832,3731,1188,8,-37,-19,-24,-37,-72,30,-253
-852,3787,1191,-71,-32,-28,-34,9,-16,62,-189
-834,3767,1213,-86,-69,0,-39,34,-50,12,-205
-814,3782,1211,3,-8,13,4,6,-28,14,-211
-781,3742,1216,15,0,21,-38,18,-37,21,-154
-778,3778,1236,-20,-96,38,-29,50,12,29,-179
-786,3775,1233,7,-56,120,-52,24,11,57,-192
-811,3848,1221,-17,-54,-1,35,-17,-25,3,-230
-835,3847,1229,-35,-74,-13,-29,23,-54,33,-202
-867,3881,1230,-52,-71,-23,-41,-5,1,21,-176
-806,3823,1251,0,-38,-38,-37,-7,-77,35,-189
-788,3843,1247,-24,-44,-15,-29,10,-87,86,-191
-761,3811,1253,-23,-84,-33,-72,-6,-43,31,-221
-785,3872,1241,-46,10,30,-47,23,13,-4,-175
-760,3837,1249,-30,-67,6,-84,-20,-44,3,-150
-761,3868,1250,-45,-39,36,-29,-3,-35,33,-114
-758,3832,1263,-45,-89,38,-23,2,-6,-24,-116
-762,3879,1255,-62,-89,-32,-24,-60,-5,35,-115
-738,3832,1272,0,11,69,-48,24,24,61,-152
-747,3852,1258,-21,-96,36,-28,4,11,-42,-73
-703,3816,1257,-1,-21,-4,-62,4,-10,-3,-120
-741,3867,1264,5,-59,26,-76,-4,-21,33,-77
-724,3849,1265,-13,-9,13,-103,-37,-20,18,-62
-735,3890,1243,20,6,-32,-54,17,34,48,-61
-729,3852,1246,-37,-27,-15,-57,16,0,81,-32
-708,3858,1248,-16,-15,-23,-49,51,-32,71,-35
-688,3802,1263,-35,2,-16,-108,-26,-35,100,-45
-680,3816,1257,22,32,-21,-82,0,-27,57,13
-661,3774,1266,-35,-16,-4,-51,27,8,28,39
-671,3809,1253,30,-22,49,-65,-12,30,27,46
-638,3780,1262,-3,-46,34,-108,25,-15,-2,28
-651,3796,1271,-55,10,29,-89,-25,41,22,22
-663,3761,1260,17,-54,-29,-58,-33,76,-9,59
-645,3760,1243,-97,-53,-18,-65,0,24,20,127
-633,3708,1257,-17,-35,-4,-96,-25,-11,7,100
-608,3711,1258,24,84,10,-94,72,20,-18,106
-590,3681,1252,25,-8,11,-121,48,27,-30,152
-608,3686,1263,48,28,11,-94,12,15,93,127
-606,3680,1271,43,0,-28,-83,7,19,59,169
-625,3675,1256,-3,-46,25,-118,-9,-20,48,228
-605,3647,1255,-29,5,-32,-115,11,36,61,265
-590,3609,1257,16,43,23,-60,-5,37,8,228
-588,3570,1253,-42,-18,42,-91,36,48,-18,257
-567,3535,1253,51,22,20,-50,-2,13,-19,272
-586,3523,1262,39,28,28,-6,11,-3,17,301
-574,3494,1253,38,47,45,-65,26,11,0,364
-536,3471,1233,57,-11,-5,-80,-11,34,31,342
-536,3434,1242,16,53,58,-92,-12,49,11,314
-518,3427,1244,-45,-7,72,-60,16,16,67,437
-505,3378,1219,-9,-24,60,-60,49,11,23,432
-552,3369,1217,-49,-36,13,-47,5,45,18,408
-510,3310,1209,12,29,110,-50,17,57,-2,408
-514,3308,1183,32,28,18,-60,40,56,62,391
-508,3254,1172,-26,34,-15,-49,-5,34,14,375
-534,3272,1173,-24,47,-30,-76,-24,35,64,413
-497,3192,1163,21,1,-13,-57,38,47,-26,419
-462,3181,1154,7,-16,-54,-82,16,19,43,474
-425,3090,1149,52,16,20,-105,41,34,1,480
-426,3080,1132,0,3,-7,-140,-7,72,-28,451
-435,3006,1117,17,35,75,-107,11,51,-51,526
-463,3014,1100,48,1,-4,-91,30,28,-13,471
-427,2942,1095,21,-8,9,-104,63,58,-20,501
-418,2957,1087,46,2,8,-73,86,69,85,475
-375,2872,1087,13,23,13,-63,-9,81,36,505
-394,2869,1080,-1,5,40,-72,3,88,16,481
-383,2791,1050,74,31,7,-58,-43,31,43,508
-398,2774,1040,33,41,-12,-64,-10,72,17,519
-381,2692,1042,4,89,54,-46,25,93,13,558
-377,2707,1018,12,39,30,-65,18,80,34,539
-356,2638,1030,15,9,-27,-36,33,66,106,564
-396,2638,1026,68,47,-23,-50,18,41,75,574
-356,2542,1018,65,-6,8,-67,-7,10,72,544
-335,2506,1007,-6,18,-8,-90,82,71,72,557
-280,2400,1014,35,19,62,-82,34,68,44,569
-270,2381,1005,38,47,8,-22,-12,44,-34,551
-282,2328,997,86,57,34,-27,-24,44,-7,526
-304,2326,990,78,5,2,-27,31,32,-52,523
-283,2246,992,59,33,0,-28,76,4,14,541
-268,2218,961,11,9,29,-48,30,3,41,488
-243,2137,961,68,-30,-31,-51,27,27,22,500
-267,2124,957,75,39,2,-68,14,52,66,552
-242,2048,937,50,-5,18,-11,12,40,55,533
-239,2018,933,45,-43,-14,-52,12,42,59,516
-236,1927,927,37,-36,9,-62,29,72,61,507
-176,1875,909,123,16,-9,-75,3,124,36,427
-191,1842,892,15,40,-5,-45,44,67,127,475
-204,1790,880,46,-20,-14,-17,30,51,30,462
-196,1718,876,24,-13,55,-22,19,-28,36,499
-173,1641,857,35,23,42,-50,-16,36,72,422
-136,1572,849,70,6,79,-67,48,34,24,473
-129,1532,832,61,39,87,5,36,-11,14,461
-132,1497,799,32,1,51,36,45,29,51,426
-145,1463,776,33,32,-14,-11,20,8,22,352
-166,1410,761,47,8,-36,-20,30,44,5,414
-126,1327,740,45,22,9,-62,26,44,8,397
-125,1281,723,53,-5,-23,-16,-10,24,57,339
-126,1224,701,36,25,27,-37,23,10,-26,329
-109,1192,679,5,-8,30,-14,39,11,27,359
-96,1120,659,0,-17,25,-4,-6,-10,25,339
-105,1077,634,27,-5,-4,-79,-1,-9,24,366
-71,991,615,80,26,4,-31,21,12,57,272
-96,976,599,-14,-37,-62,-55,-18,-7,-15,283
-81,902,584,-5,13,-5,-1,-35,18,47,305
-93,871,552,6,-13,31,25,53,13,48,264
-53,794,543,49,36,1,-27,79,8,4,299
-48,763,514,-11,19,2,-13,30,-9,0,300
-37,681,480,39,43,54,-51,39,27,-6,260
-64,701,445,-16,-21,27,-23,29,-18,1,163
-77,652,444,70,14,20,-44,47,-23,-18,218
-109,638,418,35,-7,-34,-58,23,-43,28,253
-69,524,401,35,35,-3,6,1,-39,44,200
-77,508,381,29,6,-17,-5,-42,-16,16,196
-46,418,365,100,9,8,1,2,20,-22,139
-48,419,336,62,63,18,-5,25,6,18,206
-36,355,329,37,56,43,-6,24,2,22,170
-53,363,322,-27,9,-15,9,5,-18,37,162
-47,278,312,28,7,61,-51,39,5,31,170
-40,272,285,-13,-25,3,-2,-17,-37,8,137
-33,180,277,36,19,15,-47,-9,-7,18,160
-67,195,253,33,-6,17,-43,-3,-63,-2,151
-41,122,247,59,-13,8,17,-3,-62,-21,147
-73,145,244,29,32,41,-22,-27,-19,0,138
-38,92,233,51,31,4,10,-15,-79,39,84
-66,122,208,22,48,-6,-26,-20,-51,17,60
-88,65,204,-6,13,-20,7,59,-83,37,4
-89,49,175,66,8,0,-66,18,-90,40,88
-75,-51,170,96,-23,-6,-50,48,-75,-17,65
-65,-46,163,40,25,0,5,12,-36,2,82
-55,-95,172,63,58,4,-5,22,-41,0,75
-70,-83,156,85,74,-5,4,-21,-14,12,13
-56,-123,149,70,15,-15,-18,67,-54,60,49
-82,-121,137,-23,32,43,28,18,-83,21,16
-90,-163,124,18,68,6,-16,40,-74,-24,28
-102,-181,93,14,44,21,-30,5,-42,-23,23
-135,-210,92,19,6,55,5,-19,-65,3,52
-118,-214,60,2,73,-17,0,49,-46,-51,47
-71,-239,62,-11,17,-20,5,5,-90,-28,-21
-45,-253,62,16,26,21,48,-38,-33,11,-46
-75,-271,56,-12,28,42,-1,47,-83,43,-11
-119,-269,31,16,0,30,-28,56,-71,29,-22
-133,-282,11,-20,15,-15,-4,6,-43,15,-17
-125,-301,9,-23,25,28,11,-5,-41,28,-15
-129,-326,0,40,17,-32,13,-49,-25,0,-65
-99,-357,-2,19,50,30,-22,-4,-97,-15,-19
-131,-350,-1,11,34,29,35,51,-122,15,6
-130,-364,-12,70,42,57,-33,14,-86,-15,-23
-125,-350,-33,-33,28,1,2,23,-69,25,3
-129,-367,-33,-8,-30,23,-44,-27,-66,15,13
-140,-342,-37,15,54,10,-37,4,-39,38,-30
-142,-367,-46,0,69,81,-67,-5,-56,16,-33
-172,-365,-56,40,85,51,-58,11,-99,49,-85
-142,-405,-61,-7,75,20,5,21,-84,64,-83
-175,-351,-84,19,28,6,2,-13,-62,6,-68
-187,-363,-80,4,38,13,12,-13,-27,-14,-74
-222,-333,-77,51,11,6,17,29,-26,19,-10
-212,-393,-81,26,-16,-6,18,16,-79,4,28
-181,-380,-75,36,-26,-46,4,-34,-67,37,-64
-149,-426,-81,11,-14,36,7,17,-34,33,-74
-166,-405,-90,-24,6,-21,-34,2,-67,48,-31
-182,-426,-88,26,6,0,29,24,-80,37,-68
-205,-380,-91,15,11,0,-14,28,-94,-29,-113
-169,-439,-87,29,39,66,-5,-23,-83,-53,-27
-190,-388,-92,54,-9,-12,7,-10,-48,-33,-40
-171,-422,-93,-9,-48,8,26,-4,-78,-32,-50
-187,-379,-84,-52,64,39,-13,15,-65,15,-79
-185,-431,-92,-27,17,-24,-24,-23,-94,10,-89
-197,-398,-86,16,2,2,26,-28,-50,2,-59
-178,-448,-73,-2,51,58,38,10,-33,-42,-77
-173,-390,-81,19,19,23,21,-38,-13,2,-93
-170,-418,-68,-23,34,-44,10,-41,-70,21,-21
-212,-371,-60,5,-10,3,14,10,-70,-21,-27
-189,-418,-44,-26,31,-6,-6,-31,-93,25,-65
-203,-412,-57,-1,6,44,0,-50,-121,34,-65
-166,-450,-44,-49,29,12,-6,0,-60,-39,-18
-156,-419,-49,-37,22,53,43,-3,-99,34,-73
-168,-433,-48,13,19,40,30,29,-58,-16,-25
-202,-394,-51,31,19,20,-22,-25,-79,-12,-72
-214,-423,-54,44,44,13,10,-57,-60,-9,-32
-236,-384,-68,-8,21,60,-15,-15,-33,0,-52
-211,-408,-59,13,-15,-19,9,-36,-77,15,-30
-242,-393,-57,-14,56,24,21,-3,-76,20,-58
-206,-422,-60,-22,9,-10,-42,-43,-123,2,-67
-194,-408,-66,-57,-21,-33,-53,-36,-109,15,-50
-213,-426,-66,-52,-5,3,-20,-31,-107,4,-94
-191,-420,-75,-19,-1,-36,15,-14,-50,-5,-81
-221,-419,-72,-24,0,0,19,-31,-67,-1,-79
-234,-404,-60,-38,-12,-23,18,-10,-55,-35,-80
-234,-421,-55,-16,-22,-9,26,-14,-121,6,-57
-218,-435,-62,-60,22,20,36,-45,-110,-4,-110
-185,-452,-46,-28,12,44,-4,-5,-62,22,-12
-180,-442,-45,48,31,75,38,-49,-115,-27,-21
-187,-423,-39,-14,29,22,79,-31,-74,-11,-52
-191,-401,-24,-59,33,44,-2,-18,-97,2,-27
-221,-387,-21,-2,-22,-7,10,-22,-122,-9,-81
-201,-419,-39,26,26,-20,42,-25,-127,61,-96
-217,-401,-23,-17,-12,-4,23,-27,-120,-2,-52
-235,-399,-11,25,55,-28,19,-96,-101,-10,-86
-215,-375,6,-4,-13,-2,-2,-44,-57,-15,-71
-204,-396,20,-33,-32,9,27,-34,-110,9,-31
-226,-387,11,-43,-59,72,-9,-53,-69,-16,2
-218,-419,13,-16,-13,69,2,-28,-104,-15,-68
-244,-370,20,16,-6,-8,27,-82,-55,14,-95
-229,-401,42,-39,10,37,22,-57,-108,-10,-23
-231,-380,32,-21,13,-1,4,-33,-99,-53,-72
-194,-422,29,46,-18,2,8,-15,-76,-41,-46
-208,-388,40,-5,-49,0,51,-17,-106,-38,-70
-233,-399,37,-1,-5,26,15,-8,-41,-47,-47
-246,-355,20,-40,38,13,27,-28,-21,26,-28
-243,-397,29,23,41,30,29,3,-97,18,-34
-257,-376,28,-17,-15,29,59,-32,-95,22,-76
-212,-419,32,-17,-8,37,5,-65,-129,21,-31
-224,-373,34,-12,-31,4,-46,-59,-122,29,-45
-220,-423,44,-34,-15,-40,19,-20,-102,-32,-69
-246,-365,39,-1,-39,22,57,-66,-89,-41,-27
-219,-410,37,-19,19,7,25,-55,-46,9,-61
-207,-371,42,-34,-51,-8,-22,-52,-122,49,-88
-199,-420,59,16,-21,72,-17,-37,-77,-26,-52
-211,-382,44,-35,-16,22,-26,-32,-113,-42,-80
-199,-420,63,-38,15,50,1,-69,-91,-49,-34
-200,-391,59,-26,6,27,-6,-77,-85,12,-67
-178,-416,59,6,-6,47,44,-78,-93,-14,-67
-203,-357,62,17,-9,77,-1,-61,-82,-5,-74
-202,-370,74,0,0,61,70,-63,-133,-11,-28
-216,-321,66,-2,25,-44,45,-8,-130,-14,-93
-235,-346,81,-28,-15,-33,3,-77,-106,40,-55
-218,-325,84,-68,-36,3,23,-86,-62,-1,-116
-200,-373,97,-49,-70,-1,53,-53,-101,-1,-77
-193,-350,101,-2,-27,20,9,-50,-85,14,-43
-163,-384,119,59,-69,6,36,-41,-53,28,-78
-181,-337,128,-27,-1,25,63,-15,-66,19,-78
-164,-356,136,-13,10,-29,7,-38,-90,28,-49
-192,-331,134,-17,-72,25,1,-44,-150,-3,-25
-198,-341,135,-31,-1,4,10,-67,-97,9,-63
-182,-334,125,-41,22,6,-14,-34,-83,-17,-37
-183,-361,135,0,9,-19,11,-48,-91,-27,-12
-155,-360,132,-38,-35,27,53,-32,-97,-27,-50
-152,-362,122,-20,1,26,98,10,-102,47,-37
-174,-346,122,47,43,21,0,-53,-83,-17,-48
-180,-325,127,-10,-52,26,-11,-32,-60,1,-33
-186,-327,102,0,-20,18,50,-44,-86,-41,-35
-167,-338,110,13,-30,0,-7,-54,-90,17,-65
-149,-360,113,-11,-21,4,12,-44,-81,-16,-49
-166,-348,108,18,0,-32,6,-3,-74,0,-16
-146,-360,113,-1,-50,24,38,17,-91,16,-45
-170,-334,128,39,-38,-19,54,-49,-81,-2,-12
-162,-348,112,53,-30,56,13,-11,-109,-48,-13
-152,-326,87,-1,-52,5,11,-33,-52,-6,-50
-143,-346,90,-37,-23,38,-19,4,-40,-22,-17
-146,-322,105,20,-17,-14,24,-43,-49,1,-37
-142,-342,100,6,14,0,23,-43,-111,-21,-32
-155,-318,102,3,16,-34,27,-37,-115,-12,-7
-116,-353,109,-21,-14,44,-16,-17,-73,14,-1
-132,-312,92,-57,-10,38,24,-10,-76,32,0
-133,-320,104,2,-16,43,31,-22,11,-37,-51
-168,-273,113,-32,-16,1,40,-32,-80,7,-18
-140,-321,111,-64,-30,26,16,-29,-43,19,-5
-103,-322,115,-54,-20,1,40,-16,-66,44,5
-94,-361,124,-11,-40,18,50,-38,-70,-26,-29
-91,-329,111,-22,-15,-12,34,-74,-73,-30,-11
-79,-370,118,-7,-35,98,25,-71,-20,20,17
-109,-329,107,8,-9,48,0,-62,-32,-62,26
-71,-380,105,57,8,90,33,-44,-12,-7,7
-91,-339,92,7,-34,-9,-1,-49,-8,0,29
-58,-381,102,46,-34,14,8,-12,-21,-39,2
-79,-323,98,14,-18,-2,44,-83,-74,-53,-1
-76,-355,92,-8,4,47,25,7,-114,15,-69
-104,-331,82,1,-1,-26,-32,-26,-55,49,19
-99,-379,81,14,-34,28,16,-63,-39,15,18
-99,-333,70,-32,-6,-21,2,-61,-8,23,4
-78,-358,86,-34,-66,-33,35,-9,-32,-28,-36
-113,-319,68,-8,4,-40,37,-27,-38,19,-7
-97,-358,80,-35,-28,-23,22,12,-94,-6,-7
-86,-351,73,-33,-75,-14,28,-14,-33,26,41
-58,-398,69,-18,0,-15,29,-39,-13,0,108
-70,-375,57,-19,-15,24,80,-2,-22,-17,75
-92,-389,49,13,-11,24,53,-8,3,-16,7
-112,-330,41,28,25,14,43,19,-59,-27,2
-116,-354,49,50,-42,45,33,49,-32,-1,48
-110,-328,36,36,12,4,69,23,-48,16,11
-78,-357,44,33,-11,29,-10,-11,-71,11,24
-127,-333,24,68,54,6,5,-34,-6,-20,22
-135,-353,11,-33,-9,4,5,-16,-1,-19,-13
-138,-345,16,-9,-15,-32,-1,-1,-60,9,64
-129,-368,31,20,-10,26,33,-18,-14,-29,34
-68,-354,16,-53,-26,-35,14,-45,-45,-3,9
-107,-350,8,-55,-77,-55,13,-30,-57,-1,27
-132,-352,8,21,-17,-28,34,4,-47,-6,56
-116,-377,6,-48,-67,-2,29,29,28,6,29
-111,-382,1,-37,1,-9,-1,-31,26,-10,45
-87,-392,13,20,-11,-25,-3,-5,-23,-5,5
-92,-379,8,-1,-13,33,69,-13,-5,-25,45
-112,-362,-1,8,-19,26,-4,-7,0,63,-2
-140,-358,-15,18,39,25,-23,28,-10,-43,66
-158,-347,-5,26,-21,14,37,-31,-70,-8,50
-87,-374,7,-36,36,3,74,-3,-40,4,37
-59,-377,5,-47,-48,-21,-6,44,9,-53,35
-75,-384,-2,-42,-46,10,73,32,-12,-39,-3
-88,-354,3,14,-14,25,-1,10,-19,-28,2
-101,-381,8,-34,-13,-15,35,-21,-54,12,66
-144,-362,-13,16,2,27,37,-17,-22,-16,41
-126,-390,-11,15,7,21,-14,0,-19,-75,64
-112,-355,-7,-22,-46,-50,-2,-1,-17,70,44
-57,-390,18,5,-37,-1,2,11,24,-14,72
-61,-368,20,-34,-10,18,28,31,-10,-32,88
-52,-406,14,-49,18,27,-24,51,-40,-48,90
-68,-376,12,15,-9,-15,98,49,17,-71,59
-79,-391,4,-56,35,75,0,64,-45,-15,50
-98,-338,-11,-13,-1,15,50,32,-5,-26,10
-97,-367,-4,-44,-18,9,-15,-5,-12,-56,62
-129,-316,0,-32,-8,7,-55,38,-43,-15,-24
-89,-389,9,-15,-8,38,-14,19,-19,-29,49
-100,-358,9,-25,-51,-19,8,1,-42,-9,28
-81,-389,27,-69,-44,-6,68,2,0,-64,64
-91,-348,11,31,40,-23,59,18,-39,5,-7
-66,-394,16,-4,-7,-57,20,-8,-37,14,28
-93,-362,10,-73,1,-16,-20,12,-4,-17,29
-88,-412,10,-47,-18,44,-54,19,-34,-27,36
-86,-386,-3,-54,-26,12,-17,18,-41,-20,27
-88,-411,9,-49,-21,4,-9,14,-3,-54,63
-109,-368,5,-10,16,25,-37,15,0,-131,49
-65,-430,10,-35,19,60,-19,-3,-17,-95,72
-86,-387,18,-5,18,20,28,-17,-41,-39,31
-88,-405,16,-24,45,-9,42,30,-75,-72,78
-111,-351,-10,-9,12,-38,-40,57,-17,-44,20
-101,-392,-7,9,-37,-24,-25,-10,-27,-90,20
-84,-383,-7,-17,0,-2,18,8,-42,-38,0
-98,-426,4,-3,-4,34,-19,-5,-27,-11,20
-104,-392,-7,48,-11,-33,-25,34,-33,-8,14
-91,-422,9,8,-8,-53,-29,14,-25,-81,7
-98,-381,9,-17,-4,10,0,-4,-10,-80,55
-58,-415,7,-62,-45,-6,75,-57,7,3,60
-48,-394,11,9,19,-2,-22,15,10,-94,67
-62,-410,9,17,-41,92,18,23,-33,-93,30
-64,-408,-2,-8,-59,41,-24,23,-2,-35,12
-85,-419,0,5,-7,50,-43,55,-73,-39,98
-63,-411,0,-5,61,52,0,-27,0,-105,75
-56,-421,-7,-39,-8,42,20,-7,11,-60,61
-47,-403,-11,-25,27,26,-12,3,-5,-66,17
-62,-379,7,22,-9,-3,33,-19,8,-59,31
-91,-356,-9,-9,9,11,30,57,0,-92,14
-89,-363,-3,-40,33,-48,-21,19,-54,-27,-33
-81,-398,6,-26,19,14,-24,18,-11,-43,22
-80,-409,0,33,-17,27,-43,-33,-4,-97,69
-41,-428,0,45,29,23,16,37,-1,-74,36
-65,-413,12,0,37,10,-37,-8,-48,-78,75
-56,-414,2,15,47,75,52,5,4,-55,84
-40,-397,0,21,-11,-43,87,22,-43,-54,40
-67,-391,10,-38,-20,20,18,0,18,-97,26
-100,-365,-1,-8,-5,29,-47,-2,-40,-83,44
-90,-391,-3,14,-10,32,12,19,-62,-108,4
-115,-374,-10,51,-1,28,-3,14,-46,-95,61
-77,-415,-11,37,-1,73,-12,2,-18,-83,65
-96,-373,-28,-3,-40,57,13,1,-15,-57,9
-88,-399,-23,-15,45,-24,-29,-19,-38,-125,35
-116,-354,-19,41,27,-4,-2,-16,-65,-99,25
-103,-394,-18,17,-39,7,-15,-25,-5,-63,3
-90,-377,-23,5,-21,-29,-33,9,-63,-39,24
-80,-440,-26,7,-19,-38,37,32,-47,-85,46
-81,-408,-42,56,-1,-1,-30,13,-29,-51,69
-63,-444,-38,16,22,-6,-24,15,-42,-42,48
-100,-385,-46,38,-39,0,-52,-3,0,-87,-19
-75,-428,-41,26,-22,31,-23,16,-49,-41,33
-82,-387,-63,30,-39,-23,-38,26,-48,-88,-3
-61,-428,-66,-39,-30,26,-52,5,-16,-120,41
-81,-389,-56,8,6,56,-65,-13,-29,-112,87
-83,-417,-63,8,24,20,-9,-11,-40,-93,55
-95,-392,-71,-24,9,-48,6,36,-32,-87,30
-88,-432,-60,-24,12,14,28,-20,-70,-96,57
-78,-379,-82,23,-5,-28,-5,44,-24,-127,52
-85,-397,-78,9,-8,8,-42,-9,-26,-71,-5
-127,-348,-72,102,0,38,-6,-10,6,-50,-35
-97,-394,-67,39,-30,16,-9,46,-18,-35,-21
-89,-386,-78,-17,-24,-1,-50,32,-59,-45,25
-61,-433,-65,21,-53,41,13,14,-63,-91,53
-52,-413,-79,24,-20,14,-12,26,-36,-128,56
-77,-411,-83,24,8,4,-18,7,-52,-143,78
-103,-358,-73,46,-1,-32,-15,8,-57,-106,76
-106,-391,-69,-29,-28,42,-18,19,-18,-101,-5
-111,-359,-95,22,0,-1,-48,-39,-47,-70,-34
-81,-384,-82,37,-47,-15,-25,30,-48,-99,15
-105,-341,-78,-19,-35,38,8,28,-50,-81,36
-75,-367,-74,-58,-52,-38,6,33,-37,-96,-27
-69,-361,-75,-9,12,-33,-25,25,-37,-90,52
-101,-388,-80,23,17,-28,-30,-12,-35,-74,24
-76,-369,-94,12,2,-11,-38,34,-64,-90,37
-88,-351,-88,14,-23,-35,-14,-18,-67,-77,24
-76,-349,-79,13,16,10,-22,-22,-20,-67,-11
-65,-366,-64,13,-19,31,-36,57,-64,-60,-35
-55,-390,-69,74,-32,17,-5,5,-57,-36,-31
-44,-384,-66,5,-2,41,-4,9,-52,-77,23
-48,-363,-74,10,-7,16,0,37,-43,-132,43
-74,-344,-84,26,-53,-19,-22,-7,-59,-52,33
-77,-333,-76,45,-22,48,-5,48,-61,-105,10
-101,-329,-72,12,-19,-14,-11,1,-74,-89,62
-76,-337,-88,50,-9,36,-45,-26,-75,-89,-18
-78,-335,-76,-7,-17,-41,-19,-8,-49,-58,-65
-92,-337,-80,36,-8,1,-32,-6,-76,5,20
-100,-310,-85,-29,-75,34,-10,9,-40,-46,-31
-102,-324,-70,-16,-38,30,-54,33,-65,-30,-3
-118,-306,-80,-66,-46,-8,-25,21,-84,-95,15
-86,-355,-77,-44,-21,0,-19,0,-80,-118,-4
-102,-322,-73,-33,6,-51,-29,32,-51,-85,4
-95,-344,-64,13,-35,17,-34,-26,-64,-126,18
-92,-324,-66,-64,-10,17,-53,-35,-93,-99,18
-70,-377,-73,46,15,3,-38,-36,-80,-92,3
-80,-340,-86,34,-25,36,-34,21,-42,-36,14
-90,-359,-84,-50,-17,73,-34,92,-27,-102,-11
-115,-305,-95,-4,-26,28,-3,26,14,-63,-10
-124,-332,-84,57,-9,19,-8,-6,-30,-76,-33
-139,-302,-89,4,-63,0,23,-37,23,-79,-14
-82,-378,-89,0,-14,23,-4,-5,-77,-90,-4
-78,-350,-97,38,4,-48,-21,11,-53,-65,-7
-62,-389,-88,24,-15,21,-7,-24,-78,-41,5
-104,-329,-97,-8,-26,-11,50,18,-72,-77,-7
-89,-369,-99,-45,-29,-10,-10,-33,-119,-34,21
-105,-340,-108,-83,3,-27,-64,-8,-25,-56,40
-82,-393,-111,15,7,5,-35,-8,-33,-90,53
-76,-353,-117,21,-12,29,-55,40,-29,-31,45
-76,-380,-97,14,-35,8,-37,19,-32,-96,51
-106,-341,-110,19,-28,-6,0,-13,-52,-49,-31
-62,-391,-120,2,-20,42,-1,2,-50,-84,-37
-85,-356,-126,-14,-8,29,15,-23,-16,-61,-62
-81,-373,-117,17,-11,19,13,-9,-11,-115,-7
-104,-323,-134,-33,-13,31,-27,17,-15,-95,8
-120,-341,-130,-51,-42,-8,-2,3,-56,-46,-34
-121,-311,-139,21,-2,10,-12,11,-36,-120,-54
-100,-366,-120,2,-5,3,1,12,-71,-62,-18
-55,-359,-115,-39,-9,24,-26,21,-3,-79,-30
-66,-376,-106,-15,-27,0,28,-6,-51,-49,80
-96,-347,-119,0,-39,36,1,-3,-42,-17,3
-74,-358,-126,22,-35,-14,-28,18,-58,-32,-25
-84,-336,-112,-4,0,26,-17,33,-12,-50,2
-88,-351,-103,-41,-38,60,18,-4,-64,-73,-22
-68,-347,-106,7,-29,-1,-39,0,-82,-26,37
-73,-368,-100,-22,-7,-2,-48,-16,0,-40,20
-44,-361,-99,11,-3,23,-29,50,-15,-94,-10
-40,-362,-101,26,-51,46,-20,54,-52,-14,-36
-62,-335,-106,-62,11,64,7,35,-38,-100,-30
-83,-323,-95,-35,-4,37,15,-32,-72,-88,-84
-101,-307,-105,-41,0,-35,-40,15,-70,-104,-46
-87,-303,-107,-21,6,-76,0,0,-66,-36,-23
-62,-343,-98,18,-29,-4,-2,47,-62,-66,-19
-61,-349,-100,-29,-76,14,2,30,-63,-64,-9
-31,-379,-93,8,-66,32,-40,-37,-46,-91,-40
-63,-338,-83,-6,-40,28,23,-25,-23,-85,16
-75,-340,-90,10,-27,12,5,19,-36,-80,13
-68,-316,-109,-16,-7,5,21,25,-6,-87,48
-75,-333,-99,-23,17,41,-30,-58,-42,-102,-35
-93,-301,-104,-84,-23,33,-32,-45,-29,-63,5
-95,-324,-100,-18,-22,-45,-62,15,-74,-66,-16
-103,-311,-96,-26,-24,21,-37,67,-48,-48,5
-92,-338,-94,46,30,65,-40,-16,-43,-98,0
-116,-281,-114,-2,-29,0,-6,-12,-62,-98,-62
-105,-313,-109,-30,-37,27,-6,49,-50,-111,-39
-149,-263,-104,-32,5,-5,1,30,-15,-7,-11
-130,-301,-96,-54,-34,39,-1,29,-34,-14,-39
-108,-278,-94,-30,-33,-28,36,8,-33,-31,-64
-94,-329,-81,-14,-13,14,-12,12,-43,-61,6
-81,-320,-95,5,18,-18,-10,24,-58,-27,-33
-78,-353,-90,-16,-24,41,-2,25,-41,-82,-20
-110,-300,-81,-6,-38,25,-53,-58,-51,-75,-9
-75,-350,-92,33,4,43,-20,-62,-33,-67,-49
-109,-309,-108,-24,34,36,20,-50,-47,-5,-9
-108,-350,-109,20,0,22,-21,-41,-22,-22,2
-138,-300,-118,-5,22,14,7,7,-50,-61,-25
-83,-331,-97,-53,30,-27,11,7,-76,-45,-2
-52,-305,-94,-89,-26,-65,16,16,-53,-71,21
-46,-361,-82,-25,6,30,-18,7,-68,-117,-40
-92,-304,-115,-28,-10,8,43,6,-55,-70,-20
-99,-330,-112,-71,-3,-12,-17,-63,-67,-56,46
-122,-288,-115,-50,51,25,-43,1,-34,-32,-15
-85,-326,-101,16,-17,9,3,12,-51,-18,-57
-91,-309,-100,-28,-38,10,-12,-6,-7,-75,30
-58,-353,-91,-61,7,14,39,13,10,-74,-34
-45,-335,-98,-31,11,14,21,34,-42,-94,-48
-69,-330,-104,-14,-16,-5,-11,26,-57,-68,-1
-85,-296,-105,17,-18,-25,17,-2,-23,-94,-8
-84,-312,-95,50,-10,21,-41,-38,-66,-67,35
-83,-285,-118,-20,4,53,13,20,-28,-2,-33
-63,-306,-99,-72,-6,-1,-38,4,-55,-21,-58
-92,-270,-100,-15,-8,71,-3,-7,-38,-44,-11
-87,-283,-106,-61,31,-17,-6,-21,-64,-8,3
-91,-272,-114,-35,-23,-8,-19,4,-24,-22,-32
-95,-306,-110,-28,25,-1,-17,-17,-99,-45,-52
-67,-300,-117,15,-11,38,5,21,-67,-52,-91
-87,-289,-108,3,-45,-33,13,19,-69,0,4
-98,-279,-104,-52,-10,13,-6,35,-67,-28,-2
-90,-287,-106,-66,-17,-36,-1,2,-39,11,15
-73,-309,-115,-13,-12,-23,-8,-22,-53,-34,3
-60,-320,-108,-47,-35,-26,-8,-11,-10,-61,-28
-59,-325,-113,1,26,48,51,14,-73,-112,-21
-92,-300,-125,-13,40,21,3,7,-38,-63,-30
-99,-280,-131,-59,30,26,53,3,1,-18,-5
-141,-260,-123,-70,-56,-22,-10,14,-117,-13,-9
-108,-279,-117,-43,-13,-23,-34,5,-29,-40,41
-98,-281,-122,-7,1,2,-6,-8,-17,-8,-14
-81,-309,-125,-24,-30,5,7,-23,-43,-54,23
-84,-290,-123,-18,-10,-16,29,2,-30,-47,-30
